10
4 1
0 2 1 3
1 0 0 1
2 0 2 0
3 2 2 2
1 0 2
4 2
3 2 0 3
3 0 3 0
1 0 0 2
0 3 3 3
2 1 2
0 1 2
5 2
2 4 3 1 3
4 0 2 3 2
2 0 3 4 3
1 3 4 3 1
3 0 3 3 4
1 2 2
2 3 3
5 3
4 2 1 0 1
0 0 1 3 3
1 3 0 2 2
0 3 4 3 3
0 4 4 0 0
4 4 2
1 1 2
3 4 2
7 3
1 1 6 4 3 3 4
1 1 1 4 2 2 1
4 1 4 0 2 4 2
6 0 4 2 4 5 3
6 0 0 0 3 5 3
3 2 4 4 4 5 4
4 6 6 2 3 4 6
1 3 3
6 0 2
3 2 2
8 3
2 6 4 1 1 7 4 7
3 6 3 2 0 3 2 1
6 1 7 5 6 5 7 2
5 1 6 1 6 1 0 5
3 1 3 0 5 5 6 6
3 3 2 6 0 1 5 6
2 3 1 6 3 7 0 6
5 6 7 1 7 2 5 3
3 6 3
3 0 3
7 6 2
9 4
5 5 0 1 1 7 3 8 8
8 5 0 8 2 3 2 1 4
1 0 2 4 1 0 0 6 0
6 4 8 3 5 0 8 0 4
3 4 7 4 8 1 6 8 0
1 6 3 5 2 0 2 8 5
2 4 7 0 3 5 1 1 2
2 5 1 0 6 2 1 5 3
4 6 3 6 4 1 3 3 2
2 3 3
8 1 2
0 2 5
5 3 4
10 5
9 5 7 6 9 6 6 2 7 4
6 2 0 4 8 4 3 5 5 1
2 0 1 6 2 9 8 0 8 8
0 4 4 7 1 1 9 2 0 4
2 1 4 4 1 0 4 4 5 7
6 0 3 8 3 1 9 8 6 6
5 8 4 1 4 7 9 9 4 7
5 4 0 0 5 2 9 5 4 9
9 8 7 0 1 4 7 5 9 8
3 2 7 6 3 2 5 2 4 4
8 4 4
2 4 5
3 0 5
0 1 5
1 7 3
20 5
3 1 11 6 17 5 10 4 12 18 15 10 8 8 19 19 8 8 8 15
11 15 3 16 17 8 1 0 11 10 6 7 13 5 12 2 7 12 2 7
12 13 11 4 13 1 14 9 12 6 7 7 7 9 13 4 12 19 3 16
4 8 3 10 17 6 17 14 17 0 2 16 10 9 7 2 1 11 13 15
15 9 2 10 19 8 14 8 9 2 10 16 19 5 19 1 14 6 10 1
16 5 9 9 17 14 8 0 5 10 9 19 4 17 6 16 13 19 16 12
14 13 7 19 3 7 10 2 12 9 12 16 10 15 14 19 17 17 2 4
8 14 1 15 7 11 3 14 2 19 10 4 8 14 16 16 4 11 18 12
13 4 14 14 1 5 12 12 17 15 15 4 10 13 8 12 17 7 8 17
14 7 19 16 1 15 2 16 3 9 16 17 10 13 3 8 6 10 19 7
14 18 5 19 16 7 2 8 19 4 8 18 13 2 8 0 4 1 1 2
1 2 15 12 8 2 17 11 4 13 1 16 2 7 5 14 13 16 13 17
13 19 2 0 19 19 6 1 6 19 5 16 0 10 15 17 17 4 13 10
14 4 14 6 4 17 12 3 9 8 5 15 16 3 18 0 6 18 16 12
2 3 5 11 12 17 7 18 16 13 7 9 19 10 10 0 0 16 10 2
1 3 7 17 10 5 11 8 2 19 18 14 17 6 1 6 16 18 8 3
11 8 5 3 2 12 3 14 17 9 16 8 10 1 18 6 19 18 6 7
19 15 4 13 5 0 9 8 6 5 17 5 8 2 6 15 15 13 15 14
18 14 9 15 4 8 10 6 1 0 8 18 10 18 13 2 14 4 15 4
15 15 2 13 16 18 13 2 2 18 17 4 6 16 17 19 7 16 12 8
17 17 6
6 1 3
9 6 2
7 11 4
12 17 8
30 10
9 23 14 17 13 28 15 20 15 22 16 17 23 16 28 9 24 23 29 16 19 25 0 22 19 23 12 6 21 24
22 27 9 1 23 21 26 9 29 21 5 23 0 21 26 21 19 11 22 7 28 21 28 26 7 3 1 21 15 5
12 13 4 1 17 25 22 5 1 18 21 24 21 13 17 19 0 21 20 21 16 8 16 14 13 26 7 1 29 0
16 6 14 27 13 8 17 9 2 26 1 18 2 5 27 3 25 21 16 29 26 28 27 9 23 11 21 10 1 0
9 13 7 13 1 3 20 16 20 13 20 15 1 12 2 26 15 9 14 4 26 28 26 28 21 23 14 6 1 4
7 22 19 26 16 8 19 16 7 22 3 24 26 3 18 11 0 21 26 20 19 14 21 10 7 0 22 25 2 28
19 22 14 29 21 1 4 26 17 10 23 1 14 12 0 25 18 22 24 20 22 11 25 5 5 5 14 6 1 17
23 16 28 27 18 0 14 3 18 8 0 8 19 17 10 9 6 21 24 18 12 28 16 21 24 10 25 4 15 12
28 15 11 12 10 26 24 1 10 7 17 8 14 24 23 1 23 26 0 28 24 1 22 16 6 23 6 6 17 6
19 3 22 2 10 16 14 2 13 25 4 25 5 8 20 23 28 7 13 1 24 13 0 17 18 13 29 4 13 16
23 23 20 12 10 2 17 15 8 19 22 23 22 13 28 28 12 23 14 23 3 18 16 28 29 3 1 23 7 9
2 3 28 20 8 4 19 6 6 15 7 10 12 9 9 7 2 6 13 8 13 20 3 20 19 12 25 13 3 3
6 0 26 9 3 19 29 26 1 20 15 21 8 20 26 18 17 5 7 24 14 25 7 17 17 16 3 7 10 28
19 1 24 17 6 19 19 9 7 16 26 20 23 24 17 3 8 10 5 11 15 20 3 29 14 4 11 13 28 18
11 22 10 14 8 1 12 22 5 29 26 7 6 12 2 14 12 11 2 22 27 29 21 0 12 21 22 17 15 14
13 28 27 14 1 11 13 23 17 23 19 6 11 24 0 14 5 5 14 22 6 13 21 14 9 20 27 1 1 11
29 8 14 17 12 19 8 9 10 25 15 6 13 21 21 13 4 16 24 27 17 25 3 20 13 23 6 15 14 20
6 21 1 24 27 1 25 22 12 21 28 20 7 7 13 1 15 21 23 4 0 0 2 7 13 1 16 18 6 9
17 23 11 14 28 2 24 22 17 9 22 15 4 20 1 29 6 3 27 21 20 4 16 10 18 10 1 25 25 25
4 27 12 21 3 21 27 2 19 17 28 0 17 18 4 13 16 7 1 19 26 22 3 19 11 28 20 17 27 28
3 12 9 25 2 0 27 23 27 7 3 9 16 7 1 20 0 18 14 8 8 1 9 8 13 27 5 29 4 0
7 16 11 5 1 3 28 8 13 17 6 22 12 15 26 11 26 20 23 21 22 16 9 14 8 15 8 0 6 8
26 29 11 7 6 20 17 17 6 1 13 9 12 17 26 13 9 28 13 11 10 7 4 8 6 21 10 19 21 7
28 29 14 22 28 7 7 20 19 1 0 3 20 21 24 26 17 1 15 13 19 2 17 24 6 23 0 19 10 4
15 16 11 15 26 17 10 11 15 21 4 9 25 18 9 10 9 14 20 20 6 26 12 9 9 11 4 14 29 13
13 2 13 21 2 20 27 5 16 20 24 15 20 19 4 4 23 27 16 5 5 12 16 28 13 10 24 15 17 6
10 8 28 14 28 8 13 5 2 21 12 6 9 15 11 10 7 2 29 14 24 14 2 26 17 23 23 16 11 20
25 22 18 13 5 9 7 23 12 4 10 2 8 10 11 17 15 10 26 25 10 3 22 1 4 6 21 19 2 18
21 1 15 27 22 9 9 22 23 24 19 12 29 17 24 17 3 18 27 18 3 13 24 18 5 27 10 19 6 2
25 19 5 2 20 9 23 23 22 26 23 19 14 14 22 15 14 4 10 23 15 6 29 3 7 26 29 14 19 9
21 1 7
0 10 4
23 8 3
5 4 3
28 26 5
29 20 5
25 22 6
25 6 4
23 27 14
28 19 4