10
4
1 2 0 1
2 1 0 1
1 2 3 2
3 2 2 3
4
3 2 3 0
0 2 2 0
2 3 2 2
2 1 2 1
5
2 4 3 1 3
4 0 2 3 2
2 0 3 4 3
1 3 4 3 1
3 0 3 3 4
6
0 1 4 2 3 4
3 4 2 2 2 0
0 4 4 1 2 5
1 4 3 2 3 3
3 3 5 3 4 1
0 2 3 1 0 4
7
0 2 4 6 1 1 3
3 1 0 2 4 4 3
1 6 3 5 2 0 6
5 2 1 3 1 0 1
6 5 6 2 6 6 4
5 4 6 3 4 1 0
0 4 0 4 6 1 4
8
2 3 2 3 0 2 3 7
1 6 1 4 6 5 3 3
5 1 2 6 7 2 1 7
2 4 7 5 0 4 4 3
7 3 3 2 3 5 5 4
2 2 1 0 3 2 5 7
7 0 3 7 4 0 1 7
7 2 6 7 3 1 5 5
9
5 0 0 0 7 6 4 0 2
7 8 4 1 8 5 5 5 6
8 6 3 1 1 8 5 4 2
0 3 6 5 5 2 0 4 3
2 3 2 1 0 3 1 4 0
4 3 6 7 1 3 0 4 2
8 7 4 5 3 0 1 0 7
1 2 6 2 5 5 7 8 0
7 7 5 5 0 7 0 5 8
10
3 6 3 8 2 3 1 9 7 6
7 1 2 6 7 7 0 8 2 9
9 0 9 5 1 5 2 6 1 4
9 6 8 5 5 4 5 6 3 3
6 1 4 8 1 3 9 6 0 0
2 7 2 2 1 4 1 3 9 0
6 6 2 7 0 1 1 0 1 2
2 0 6 2 9 7 5 9 3 5
7 8 6 0 6 6 5 7 1 0
8 0 7 3 2 9 4 6 7 3
20
5 7 19 11 3 14 18 12 19 3 3 3 2 17 10 18 3 6 5 16
9 5 13 17 13 10 13 17 8 3 9 14 17 2 6 6 8 8 10 7
1 19 17 17 18 3 8 7 17 17 9 11 1 14 4 9 15 17 16 10
12 18 10 4 3 6 1 2 7 4 4 13 19 5 6 2 14 19 12 6
15 19 12 4 0 2 8 4 4 10 11 3 0 6 9 2 7 4 12 11
15 5 10 16 13 0 10 6 18 14 13 14 6 9 7 1 11 17 9 1
15 9 12 3 8 12 2 5 2 1 12 3 9 4 18 14 9 15 1 17
12 13 12 12 10 3 2 11 6 12 8 1 18 17 15 9 17 3 4 9
6 6 5 2 9 19 1 3 3 6 0 16 13 3 2 19 10 6 17 7
3 2 8 14 5 6 11 8 15 8 7 3 12 3 17 1 4 13 17 4
13 4 15 19 18 18 10 9 3 13 12 8 8 4 16 7 14 15 13 2
10 9 1 10 12 17 13 3 9 8 8 2 10 13 10 7 15 13 0 14
0 12 11 8 3 14 4 15 4 10 19 2 6 18 19 10 6 3 11 7
8 9 9 19 6 11 4 14 16 5 4 19 14 17 14 1 17 8 9 12
16 18 6 1 8 13 1 1 6 7 5 12 18 15 15 2 4 3 7 15
0 18 9 15 17 14 2 0 12 1 19 9 5 19 1 12 3 10 3 4
14 10 2 9 11 14 6 12 11 9 7 0 5 3 19 17 17 2 10 17
10 19 4 14 9 14 15 13 15 2 0 17 14 13 7 4 7 17 6 2
14 8 17 14 12 4 12 16 0 10 19 3 17 18 11 16 14 3 9 16
1 15 7 8 5 7 1 3 7 7 6 3 5 2 4 18 3 7 6 19
30
1 26 0 26 26 0 1 6 21 20 4 24 19 25 4 6 20 18 29 18 5 17 1 17 19 5 7 13 27 14
10 0 26 20 21 3 19 11 11 19 15 9 4 14 15 15 3 16 24 5 16 5 7 19 11 4 4 13 28 25
2 29 10 24 2 2 25 21 1 11 11 16 11 7 13 1 28 13 24 22 25 20 24 5 27 27 13 23 0 3
24 16 21 1 20 9 19 8 11 24 10 21 22 0 27 20 17 18 24 11 22 16 2 12 18 19 7 25 21 23
29 0 12 21 27 20 6 0 23 6 6 9 23 1 26 2 20 0 12 5 21 5 8 16 27 0 29 17 0 19
10 13 22 22 0 8 4 20 11 4 6 13 28 9 9 4 26 13 27 6 3 19 25 9 6 3 12 0 15 16
27 4 22 23 9 8 26 3 5 18 0 24 7 0 8 9 18 18 18 6 11 24 25 17 9 3 8 2 1 1
6 16 27 9 16 11 6 28 4 5 17 25 22 28 11 6 26 1 11 23 27 3 13 16 15 1 6 15 29 18
7 5 24 25 24 9 15 19 16 18 5 21 18 8 22 14 23 5 15 14 19 15 28 0 26 3 17 17 16 6
17 16 19 22 18 20 12 7 25 25 20 17 2 12 0 22 28 19 22 27 21 11 29 26 8 5 27 15 21 10
23 26 0 20 2 1 23 27 0 18 11 14 14 26 22 28 6 3 1 15 25 14 10 22 27 4 11 15 22 8
28 2 23 21 16 14 29 14 1 2 10 25 10 6 18 22 1 2 3 24 12 7 6 16 14 9 11 6 29 16
18 14 21 23 9 18 17 22 9 2 9 9 12 23 16 27 10 7 14 2 1 17 17 7 25 3 19 5 26 16
0 3 19 16 7 22 19 12 0 24 28 1 9 9 4 13 3 0 27 10 20 2 3 28 13 27 7 23 1 12
12 21 19 25 21 3 22 1 27 3 24 17 8 11 29 3 26 25 29 27 19 8 5 7 14 24 24 24 15 26
20 5 14 18 8 19 29 11 17 24 3 26 3 25 10 21 25 18 8 26 18 27 19 9 13 12 3 15 28 1
4 29 7 16 2 26 21 12 17 9 24 6 2 24 27 14 3 25 2 10 19 27 21 11 15 0 2 9 27 1
10 15 19 29 20 22 3 14 28 14 27 17 16 29 17 8 27 18 5 20 16 22 13 8 12 17 7 1 25 2
26 11 14 0 8 3 3 2 2 2 3 22 16 12 27 26 12 24 17 10 3 6 14 14 4 18 18 14 28 6
8 25 18 3 5 0 13 10 7 3 22 29 0 28 2 25 29 10 18 27 7 21 0 6 3 11 6 12 15 19
7 2 10 23 10 0 23 20 18 12 27 14 3 23 3 3 17 13 6 15 18 14 24 9 19 1 10 2 18 11
17 11 6 21 11 25 12 26 9 29 25 24 19 29 26 5 19 21 22 6 4 28 15 25 7 0 23 1 4 6
16 25 28 11 12 25 19 23 21 26 2 22 23 17 10 23 17 22 0 8 7 5 20 9 23 22 10 25 29 15
29 20 1 26 19 19 7 23 2 22 13 21 10 0 0 4 10 22 27 3 8 21 17 25 19 14 28 1 29 25
4 10 3 2 18 1 6 13 11 27 21 27 23 4 5 11 24 22 2 13 17 2 28 7 17 26 8 13 24 22
25 12 26 15 5 22 1 25 13 28 10 21 10 16 6 28 14 11 8 18 22 3 21 27 8 9 4 27 4 0
19 16 27 13 18 6 22 0 22 19 12 1 12 14 8 24 19 8 20 13 20 17 6 0 10 4 15 21 11 25
20 13 3 10 19 1 26 7 5 2 11 3 16 6 0 29 8 23 27 29 5 15 13 29 7 14 18 6 14 17
6 15 13 12 24 15 28 2 25 5 26 16 23 16 15 28 13 18 16 22 15 8 18 0 4 0 5 9 15 26
12 5 20 27 6 22 14 3 28 5 23 21 11 2 15 9 17 22 15 6 22 17 2 28 18 12 8 8 23 0
