10
6 2
3 3 3 2 1 1
3 3 3 2 2 1
3 3 3 3 3 2
2 2 3 2 2 2
2 2 3 2 2 2
2 2 2 2 2 2
6 4
3 2 2 2 1 2
3 2 2 2 1 2
3 3 3 3 2 2
3 3 3 3 2 2
3 2 2 2 2 2
3 2 2 2 2 2
7 2
1 1 1 1 2 1 1
1 1 1 2 2 2 1
2 2 2 2 2 2 2
2 2 2 2 2 2 2
2 2 2 2 2 2 2
2 2 2 2 2 2 2
2 2 2 2 2 2 2
8 3
2 2 2 3 3 4 2 2
2 2 2 3 3 4 2 2
2 2 2 2 2 2 2 2
2 2 2 2 2 2 2 2
2 2 2 2 1 1 2 2
2 1 1 1 1 1 1 1
2 1 1 1 1 1 1 1
2 1 1 1 1 1 1 1
8 4
1 1 1 1 1 1 1 1
1 1 1 1 1 1 1 1
1 1 1 1 1 1 1 1
2 1 1 1 1 1 1 1
2 1 1 1 1 1 1 1
2 1 1 1 1 1 1 1
1 1 1 1 1 1 1 2
1 1 1 1 1 1 1 2
9 4
4 4 3 3 3 3 2 2 2
4 4 3 3 1 1 2 2 3
3 3 2 2 1 1 1 1 2
1 1 1 1 1 1 1 1 1
1 1 1 1 1 1 1 1 1
2 2 1 1 1 1 1 1 1
2 2 1 1 1 1 1 1 1
2 2 2 2 2 2 1 1 1
3 3 3 3 2 2 2 2 1
10 2
2 2 3 5 3 1 1 1 1 1
2 2 3 5 3 1 1 1 1 1
3 3 4 5 4 3 2 1 1 2
3 3 4 5 4 3 2 1 1 2
5 5 5 5 5 5 3 1 1 3
4 4 4 5 5 5 4 3 3 3
4 4 4 5 5 5 5 5 5 3
4 4 4 4 4 5 5 5 5 3
4 4 4 4 4 5 5 5 5 3
5 5 4 4 4 5 5 5 5 4
12 4
4 4 4 5 5 4 4 4 4 4 4 4
5 5 5 5 5 5 5 5 5 5 5 4
4 4 4 5 5 4 4 4 5 5 5 4
3 3 4 5 5 4 3 4 5 5 5 4
3 3 4 5 5 4 3 4 5 5 5 4
2 2 3 4 4 4 4 4 4 4 4 5
2 2 3 4 4 4 4 4 4 4 4 5
2 2 3 3 3 4 5 3 2 2 4 4
3 3 3 4 4 4 5 4 3 3 4 4
3 3 4 5 5 5 5 5 5 5 5 4
3 3 4 5 5 5 5 5 5 5 5 4
4 4 4 4 4 4 5 5 5 5 5 4
15 3
5 4 4 3 3 3 2 2 2 3 4 4 4 4 4
5 4 4 3 3 3 2 2 2 3 4 4 4 4 4
5 5 5 5 4 4 2 2 3 4 4 4 4 4 5
5 4 4 3 3 3 2 2 3 4 4 4 4 4 4
5 3 3 1 2 2 3 3 3 4 4 4 4 4 4
3 3 3 3 3 3 3 3 3 3 4 4 4 4 4
3 3 3 3 3 3 3 3 3 3 4 4 4 4 4
2 3 3 4 3 3 3 3 3 3 3 4 4 4 3
2 3 3 4 3 3 3 3 3 3 3 4 4 4 3
3 4 4 4 4 4 3 3 3 3 3 3 4 4 4
5 5 5 4 4 4 4 4 3 3 3 3 4 4 5
5 5 5 4 4 4 4 4 3 3 3 3 4 4 5
5 5 5 5 4 4 4 4 3 3 2 2 3 3 4
5 5 5 5 5 5 4 4 3 3 2 1 2 2 3
5 5 5 5 5 5 4 4 3 3 2 1 2 2 3
20 3
3 3 3 2 2 2 2 3 3 3 4 4 4 4 4 4 5 5 5 5
3 3 3 2 2 2 2 3 3 3 4 4 4 4 4 4 5 5 5 5
5 3 3 2 2 2 2 2 3 3 4 4 4 4 5 5 5 5 5 5
4 3 3 1 1 1 1 1 2 3 4 4 4 5 5 5 5 5 5 5
4 2 2 1 1 1 1 1 2 3 4 5 5 5 5 5 5 5 5 5
4 3 3 2 2 2 2 1 2 3 4 5 5 5 5 5 5 5 5 5
4 4 4 4 4 3 3 2 3 4 5 5 5 5 5 5 5 5 5 5
4 3 3 3 3 3 3 3 4 4 4 5 5 5 5 5 5 4 4 4
4 3 3 3 3 3 3 3 4 4 4 5 5 5 5 5 5 4 4 4
4 3 3 3 3 4 4 4 4 4 5 5 5 5 5 5 5 5 5 5
3 3 3 3 3 4 4 4 4 4 5 5 5 5 5 5 5 5 5 5
3 3 3 3 3 4 4 4 4 4 4 4 5 5 5 5 5 5 5 5
3 3 3 3 4 4 4 4 5 5 5 5 5 5 5 5 5 5 5 5
4 4 4 4 4 4 4 5 5 5 5 5 5 5 5 5 5 4 4 4
4 4 4 4 4 4 4 5 5 5 5 5 5 5 5 5 5 4 4 4
5 5 5 5 5 5 5 5 5 5 5 5 4 4 4 4 4 4 4 4
5 5 5 5 5 5 5 5 5 5 5 5 3 3 3 3 4 4 4 4
5 5 5 5 5 5 5 5 5 5 5 5 3 3 2 2 3 3 4 4
5 5 5 5 5 5 5 5 5 5 5 5 3 3 2 2 3 3 4 4
5 5 5 5 5 5 5 5 4 4 4 4 3 3 3 3 4 4 4 4