10
6 8 3
0 0 1 0 1 0 0 1
0 1 0 0 0 1 1 1
0 1 1 1 0 0 0 0
1 1 1 1 0 0 0 1
0 1 1 0 1 0 0 1
1 0 1 0 1 1 0 1
6 8 3
1 1 1 1 0 0 1 0
0 0 1 1 0 1 0 1
1 1 1 1 0 0 1 0
1 1 1 0 0 1 1 0
1 1 0 1 1 1 1 0
1 1 1 0 0 1 1 0
6 8 4
1 1 0 0 0 1 1 0
1 0 1 0 0 1 1 1
0 1 0 0 1 1 0 0
1 0 1 0 0 0 0 0
1 1 0 0 0 0 0 0
1 0 0 0 1 1 1 1
6 4 4
1 1 0 0
0 1 0 1
0 0 0 1
1 1 1 1
1 1 0 1
1 0 1 0
6 10 3
0 1 0 0 0 1 0 0 1 1
0 1 1 0 0 1 0 0 1 0
0 1 0 0 1 0 1 1 1 1
0 0 0 0 0 1 1 1 1 0
0 1 0 0 1 1 1 1 1 1
1 0 0 0 1 1 0 0 1 1
6 6 5
0 0 0 0 0 0
0 0 0 0 0 0
0 0 0 0 0 0
0 0 0 0 0 0
0 0 0 0 0 0
0 0 0 0 0 0
6 6 4
1 1 1 1 1 1
0 0 0 0 0 1
0 1 1 1 0 1
0 1 0 1 0 1
0 1 0 0 0 1
0 1 1 1 1 1
8 15 3
0 1 1 0 0 1 1 0 1 1 0 0 0 0 0
1 0 0 0 1 1 0 0 0 0 0 1 0 1 1
1 1 0 1 0 1 0 1 0 1 0 1 0 0 0
0 1 1 1 0 0 1 0 0 0 0 1 0 0 0
0 0 0 0 0 0 1 0 0 0 1 1 0 0 1
1 0 1 0 0 1 0 1 1 1 1 0 1 1 1
0 0 0 0 0 1 1 1 0 0 0 0 0 1 0
0 0 1 0 1 1 0 1 1 0 0 0 1 0 0
10 20 4
1 0 1 1 1 1 1 1 1 1 0 0 1 1 1 0 1 1 0 1
1 1 0 1 1 1 0 0 1 0 0 0 1 1 1 1 0 0 1 0
1 1 0 1 1 0 0 0 1 1 1 1 1 0 0 1 1 0 1 0
0 0 0 1 1 0 0 0 0 1 0 0 1 0 1 1 1 0 1 0
0 1 1 0 1 0 1 0 1 0 0 1 0 0 0 0 1 1 1 1
1 0 1 0 1 0 1 1 0 0 0 0 1 1 1 0 0 0 0 0
0 1 0 0 1 1 0 0 0 0 0 1 1 0 0 1 1 0 1 1
1 0 0 0 0 1 0 1 1 0 1 1 0 1 0 0 1 1 1 0
0 1 1 0 0 1 0 1 0 0 0 0 0 0 0 1 1 1 0 1
0 0 0 0 0 0 1 1 0 0 1 1 0 0 0 0 0 0 1 0
13 20 5
1 1 0 1 0 0 0 1 1 1 1 0 0 0 1 1 1 0 0 0
1 1 1 1 0 1 0 1 0 0 0 0 1 0 0 0 0 1 0 0
1 0 1 0 1 1 0 1 0 1 1 0 0 0 0 1 1 0 1 0
0 0 1 1 0 1 1 0 1 0 0 1 1 0 0 0 1 1 1 1
0 0 1 0 0 1 0 0 1 0 0 0 0 1 0 0 0 0 1 1
0 0 1 0 0 0 0 0 0 0 0 0 1 1 1 0 0 1 0 1
0 0 0 1 0 0 0 0 0 0 1 1 0 0 0 1 0 0 1 0
1 1 1 0 0 0 1 0 0 1 1 1 0 1 0 1 0 0 1 1
0 1 1 1 1 0 0 0 1 1 0 1 0 0 0 0 1 0 0 1
0 0 0 0 1 0 1 0 0 0 1 0 0 0 0 1 1 1 1 1
0 1 0 0 1 1 0 0 1 0 0 0 0 1 0 1 0 0 1 0
0 0 1 1 0 0 1 0 0 0 1 0 1 1 0 1 1 1 0 0
0 0 0 1 0 0 1 0 0 0 1 0 1 1 0 0 1 0 1 0
