5
1 - 2 3
2 - 4 5
3 10
4 88
5 65
7
1 / 2 3
2 - 4 5
3 - 6 7
4 261
5 61
6 81
7 71
11
1 * 2 3
2 / 4 5
3 / 6 7
4 + 8 9
5 + 10 11
6 25
7 5
8 41
9 8
10 5
11 2
99
1 + 2 3
2 - 4 5
3 + 6 7
4 + 8 9
5 - 10 11
6 + 12 13
7 + 14 15
8 - 16 17
9 - 18 19
10 + 20 21
11 / 22 23
12 - 24 25
13 + 26 27
14 - 28 29
15 * 30 31
16 - 32 33
17 * 34 35
18 * 36 37
19 - 38 39
20 * 40 41
21 * 42 43
22 * 44 45
23 - 46 47
24 / 48 49
25 / 50 51
26 + 52 53
27 * 54 55
28 * 56 57
29 - 58 59
30 - 60 61
31 + 62 63
32 * 64 65
33 / 66 67
34 + 68 69
35 / 70 71
36 * 72 73
37 + 74 75
38 / 76 77
39 - 78 79
40 + 80 81
41 - 82 83
42 - 84 85
43 / 86 87
44 + 88 89
45 + 90 91
46 - 92 93
47 / 94 95
48 / 96 97
49 - 98 99
50 525
51 7
52 3
53 5
54 5
55 3
56 13
57 5
58 106
59 43
60 17
61 10
62 1
63 2
64 53
65 3
66 80
67 1
68 12
69 5
70 20
71 10
72 21
73 2
74 1
75 1
76 695
77 5
78 116
79 16
80 3
81 20
82 43
83 41
84 56
85 38
86 2
87 1
88 71
89 15
90 1
91 1
92 139
93 39
94 864
95 9
96 1530
97 9
98 10
99 8
107
1 * 2 3
2 * 6 7
3 / 4 5
4 + 8 9
5 * 10 11
6 / 12 13
7 / 14 15
8 * 16 17
9 - 18 19
10 - 20 21
11 / 22 23
12 + 24 25
13 / 26 27
14 - 28 29
15 / 30 31
16 - 32 33
17 / 34 35
18 - 36 37
19 + 38 39
20 * 40 41
21 / 42 43
22 + 44 45
23 / 46 47
24 / 48 49
25 - 50 51
26 * 52 53
27 + 54 55
28 / 56 57
29 + 60 61
30 - 62 63
31 / 58 59
32 - 64 65
33 - 66 67
34 * 68 69
35 / 70 71
36 + 72 73
37 / 74 75
38 + 76 77
39 / 78 79
40 - 80 81
41 - 82 83
42 + 84 85
43 / 86 87
44 + 88 89
45 - 90 91
46 * 92 93
47 / 94 95
48 * 96 97
49 + 98 99
50 - 100 101
51 * 102 103
52 / 104 105
53 2
54 3
55 1
56 * 106 107
57 8
58 7
59 7
60 13
61 20
62 78
63 68
64 102
65 80
66 29
67 12
68 10
69 2
70 100
71 10
72 44
73 97
74 60
75 1
76 13
77 20
78 248
79 8
80 94
81 89
82 49
83 47
84 18
85 52
86 20
87 2
88 1
89 2
90 113
91 95
92 7
93 7
94 28
95 4
96 30
97 2
98 4
99 1
100 284
101 85
102 3
103 2
104 70
105 7
106 252
107 2
333
1 / 2 3
2 / 4 5
3 - 6 7
4 * 8 9
5 / 10 11
6 / 12 13
7 * 14 15
8 / 16 17
9 / 18 19
10 * 20 21
11 - 22 23
12 + 24 25
13 / 26 27
14 - 28 29
15 / 30 31
16 * 32 33
17 - 34 35
18 + 36 37
19 * 38 39
20 - 40 41
21 + 42 43
22 / 44 45
23 + 46 47
24 * 48 49
25 - 50 51
26 + 52 53
27 / 54 55
28 / 56 57
29 + 60 61
30 + 62 63
31 / 64 65
32 / 66 67
33 - 68 69
34 + 70 71
35 + 72 73
36 / 74 75
37 / 76 77
38 - 78 79
39 - 80 81
40 / 82 83
41 - 58 59
42 / 84 85
43 / 86 87
44 / 88 89
45 / 90 91
46 + 94 95
47 - 96 97
48 + 98 99
49 - 100 101
50 + 102 103
51 * 104 105
52 * 106 107
53 / 92 93
54 - 108 109
55 / 110 111
56 + 112 113
57 / 114 115
58 / 116 117
59 + 118 119
60 - 120 121
61 - 122 123
62 - 124 125
63 - 128 129
64 + 130 131
65 / 132 133
66 / 134 135
67 - 136 137
68 / 138 139
69 * 140 141
70 + 142 143
71 - 144 145
72 + 126 127
73 + 146 147
74 - 148 149
75 - 150 151
76 - 152 153
77 * 156 157
78 - 158 159
79 + 160 161
80 / 162 163
81 / 164 165
82 + 166 167
83 - 168 169
84 / 170 171
85 + 172 173
86 - 176 177
87 / 178 179
88 / 180 181
89 - 182 183
90 / 184 185
91 / 190 191
92 * 192 193
93 + 194 195
94 + 196 197
95 + 198 199
96 + 200 201
97 * 202 203
98 - 174 175
99 * 204 205
100 - 206 207
101 + 208 209
102 + 210 211
103 - 212 213
104 / 188 189
105 + 214 215
106 - 216 217
107 / 218 219
108 / 220 221
109 * 222 223
110 / 230 231
111 - 234 235
112 - 236 237
113 / 238 239
114 + 154 155
115 + 240 241
116 * 242 243
117 / 244 245
118 + 232 233
119 / 246 247
120 - 250 251
121 / 186 187
122 * 252 253
123 - 254 255
124 - 256 257
125 + 258 259
126 / 260 261
127 + 262 263
128 / 266 267
129 / 268 269
130 - 270 271
131 / 272 273
132 + 274 275
133 * 276 277
134 - 278 279
135 - 280 281
136 + 284 285
137 / 282 283
138 / 286 287
139 / 226 227
140 / 288 289
141 / 290 291
142 / 292 293
143 / 294 295
144 - 296 297
145 / 298 299
146 + 300 301
147 + 302 303
148 / 306 307
149 / 308 309
150 / 310 311
151 * 312 313
152 / 314 315
153 / 320 321
154 / 322 323
155 * 324 325
156 / 326 327
157 - 328 329
158 + 304 305
159 - 330 331
160 * 332 333
161 45
162 594
163 6
164 776
165 8
166 77
167 3
168 17
169 16
170 9
171 1
172 3
173 6
174 54
175 26
176 99
177 92
178 14
179 2
180 1960
181 4
182 36
183 31
184 6
185 6
186 390
187 6
188 14
189 1
190 5
191 5
192 7
193 5
194 1
195 6
196 15
197 6
198 4
199 - 228 229
200 108
201 23
202 11
203 7
204 + 224 225
205 2
206 78
207 61
208 2
209 13
210 5
211 30
212 83
213 76
214 1
215 1
216 99
217 94
218 24
219 8
220 264
221 6
222 19
223 2
224 6
225 14
226 8
227 4
228 55
229 46
230 + 248 249
231 8
232 2
233 / 264 265
234 87
235 85
236 8
237 3
238 220
239 4
240 1
241 1
242 82
243 2
244 4
245 2
246 6
247 3
248 5
249 43
250 140
251 72
252 25
253 2
254 81
255 34
256 121
257 87
258 20
259 13
260 9
261 1
262 5
263 6
264 27
265 9
266 40
267 1
268 78
269 2
270 20
271 15
272 15
273 5
274 7
275 65
276 3
277 3
278 307
279 79
280 46
281 42
282 33
283 / 316 317
284 11
285 1
286 1480
287 10
288 252
289 7
290 12
291 6
292 56
293 1
294 70
295 10
296 56
297 16
298 60
299 2
300 3
301 4
302 22
303 23
304 2
305 83
306 314
307 2
308 402
309 6
310 / 318 319
311 1
312 9
313 3
314 84
315 2
316 30
317 10
318 74
319 2
320 90
321 6
322 20
323 10
324 4
325 2
326 3
327 1
328 83
329 80
330 95
331 66
332 4
333 2
587
1 + 2 3
2 * 4 5
3 - 6 7
4 + 8 9
5 / 10 11
6 / 12 13
7 + 14 15
8 - 16 17
9 + 18 19
10 * 20 21
11 / 22 23
12 + 24 25
13 - 26 27
14 - 28 29
15 - 30 31
16 / 32 33
17 / 36 37
18 / 38 39
19 / 40 41
20 - 42 43
21 / 44 45
22 / 34 35
23 / 46 47
24 - 48 49
25 - 50 51
26 / 52 53
27 - 54 55
28 + 56 57
29 + 58 59
30 / 60 61
31 + 62 63
32 / 64 65
33 / 66 67
34 - 68 69
35 - 70 71
36 * 72 73
37 + 74 75
38 - 76 77
39 - 78 79
40 + 80 81
41 / 82 83
42 - 84 85
43 - 86 87
44 + 88 89
45 - 90 91
46 - 92 93
47 / 94 95
48 + 100 101
49 + 102 103
50 / 104 105
51 + 106 107
52 / 108 109
53 + 110 111
54 - 112 113
55 + 114 115
56 / 116 117
57 / 118 119
58 / 120 121
59 / 122 123
60 + 124 125
61 * 126 127
62 + 128 129
63 / 130 131
64 + 132 133
65 - 134 135
66 + 136 137
67 * 140 141
68 / 142 143
69 - 144 145
70 / 148 149
71 - 150 151
72 + 152 153
73 / 154 155
74 / 156 157
75 - 158 159
76 / 160 161
77 / 98 99
78 * 162 163
79 / 164 165
80 / 146 147
81 / 96 97
82 - 166 167
83 / 168 169
84 / 170 171
85 / 174 175
86 - 176 177
87 + 178 179
88 * 180 181
89 / 182 183
90 - 184 185
91 + 186 187
92 * 188 189
93 / 190 191
94 / 194 195
95 + 198 199
96 + 200 201
97 * 202 203
98 * 204 205
99 + 206 207
100 + 208 209
101 / 210 211
102 * 212 213
103 - 216 217
104 + 226 227
105 + 228 229
106 / 230 231
107 / 232 233
108 / 234 235
109 / 236 237
110 * 238 239
111 + 240 241
112 + 242 243
113 / 244 245
114 / 246 247
115 / 248 249
116 / 250 251
117 + 214 215
118 - 252 253
119 - 258 259
120 - 260 261
121 - 262 263
122 + 264 265
123 / 266 267
124 / 268 269
125 / 270 271
126 / 272 273
127 / 192 193
128 + 220 221
129 / 274 275
130 - 276 277
131 / 278 279
132 / 280 281
133 / 282 283
134 - 284 285
135 / 138 139
136 / 286 287
137 + 288 289
138 * 290 291
139 - 292 293
140 + 294 295
141 + 172 173
142 / 296 297
143 * 298 299
144 * 300 301
145 * 302 303
146 - 304 305
147 - 308 309
148 / 310 311
149 / 218 219
150 / 312 313
151 * 314 315
152 * 316 317
153 / 318 319
154 / 320 321
155 - 322 323
156 / 324 325
157 + 326 327
158 * 328 329
159 + 330 331
160 + 334 335
161 / 336 337
162 + 338 339
163 / 340 341
164 - 342 343
165 * 344 345
166 / 346 347
167 / 196 197
168 * 348 349
169 - 350 351
170 / 352 353
171 + 354 355
172 / 356 357
173 - 358 359
174 * 360 361
175 * 362 363
176 * 366 367
177 / 368 369
178 - 370 371
179 * 372 373
180 - 374 375
181 + 224 225
182 * 378 379
183 - 380 381
184 * 382 383
185 * 384 385
186 / 388 389
187 - 390 391
188 / 392 393
189 - 396 397
190 + 222 223
191 + 398 399
192 / 400 401
193 * 402 403
194 - 404 405
195 - 406 407
196 + 408 409
197 * 410 411
198 / 412 413
199 / 414 415
200 / 416 417
201 + 418 419
202 / 420 421
203 / 422 423
204 - 424 425
205 - 256 257
206 / 426 427
207 - 430 431
208 - 432 433
209 * 434 435
210 + 440 441
211 * 442 443
212 + 444 445
213 + 446 447
214 / 448 449
215 + 450 451
216 - 454 455
217 / 456 457
218 * 458 459
219 * 460 461
220 - 462 463
221 - 464 465
222 * 466 467
223 + 470 471
224 / 474 475
225 / 386 387
226 - 476 477
227 * 478 479
228 - 468 469
229 / 482 483
230 * 486 487
231 / 490 491
232 / 492 493
233 + 496 497
234 / 500 501
235 - 502 503
236 * 504 505
237 / 506 507
238 - 306 307
239 + 364 365
240 + 508 509
241 / 510 511
242 / 516 517
243 / 518 519
244 + 254 255
245 - 520 521
246 / 522 523
247 + 524 525
248 + 526 527
249 - 528 529
250 / 530 531
251 - 540 541
252 / 542 543
253 - 544 545
254 + 546 547
255 - 548 549
256 + 550 551
257 + 552 553
258 * 554 555
259 - 394 395
260 / 556 557
261 + 562 563
262 - 564 565
263 * 566 567
264 / 572 573
265 - 574 575
266 + 576 577
267 / 580 581
268 + 582 583
269 * 584 585
270 / 586 587
271 3
272 45
273 9
274 60
275 10
276 65
277 36
278 9
279 9
280 1827
281 7
282 / 436 437
283 9
284 145
285 44
286 10
287 5
288 1
289 5
290 235
291 2
292 23
293 18
294 1
295 3
296 8880
297 2
298 5
299 - 472 473
300 85
301 2
302 43
303 2
304 98
305 97
306 / 480 481
307 - 376 377
308 7
309 6
310 1372
311 7
312 343
313 7
314 4
315 2
316 31
317 2
318 + 438 439
319 3
320 120
321 5
322 93
323 85
324 40
325 8
326 4
327 1
328 33
329 2
330 * 332 333
331 34
332 13
333 2
334 192
335 213
336 45
337 9
338 1
339 10
340 10
341 5
342 257
343 89
344 4
345 2
346 - 560 561
347 - 494 495
348 9
349 2
350 68
351 62
352 10620
353 6
354 8
355 / 534 535
356 4
357 / 512 513
358 5
359 4
360 264
361 2
362 3
363 2
364 1
365 1
366 84
367 2
368 594
369 9
370 55
371 46
372 3
373 3
374 90
375 84
376 96
377 92
378 3
379 2
380 28
381 26
382 23
383 3
384 18
385 2
386 3
387 3
388 5
389 1
390 / 570 571
391 19
392 28
393 4
394 93
395 38
396 101
397 / 484 485
398 + 488 489
399 3
400 64
401 4
402 * 514 515
403 2
404 105
405 97
406 31
407 / 428 429
408 99
409 180
410 3
411 3
412 27
413 9
414 3
415 3
416 100
417 10
418 7
419 3
420 10
421 5
422 18
423 9
424 245
425 55
426 1
427 1
428 * 452 453
429 1
430 60
431 56
432 390
433 83
434 11
435 3
436 612
437 1
438 + 558 559
439 32
440 320
441 550
442 5
443 2
444 1
445 5
446 1
447 - 536 537
448 12
449 4
450 1
451 2
452 15
453 2
454 162
455 85
456 420
457 6
458 18
459 2
460 3
461 3
462 80
463 79
464 51
465 49
466 37
467 3
468 52
469 49
470 5
471 20
472 79
473 77
474 6
475 6
476 - 538 539
477 76
478 * 498 499
479 2
480 6
481 1
482 18
483 9
484 288
485 3
486 3
487 2
488 4
489 / 568 569
490 3
491 3
492 140
493 4
494 18
495 14
496 2
497 3
498 271
499 5
500 37920
501 + 532 533
502 96
503 94
504 10
505 2
506 45
507 9
508 2
509 3
510 7
511 7
512 32
513 8
514 2
515 2
516 130
517 2
518 147
519 1
520 37
521 35
522 192
523 2
524 3
525 1
526 16
527 84
528 38
529 33
530 4200
531 2
532 3
533 3
534 20
535 10
536 88
537 87
538 1609
539 18
540 95
541 88
542 1911
543 7
544 137
545 79
546 77
547 65
548 115
549 63
550 5
551 18
552 12
553 9
554 30
555 2
556 763
557 7
558 35
559 62
560 229
561 93
562 25
563 - 578 579
564 167
565 70
566 48
567 2
568 3
569 3
570 294
571 7
572 560
573 7
574 179
575 97
576 3
577 24
578 87
579 40
580 15
581 5
582 2520
583 3450
584 5
585 2
586 3390
587 10
767
1 + 2 3
2 / 4 5
3 + 6 7
4 - 8 9
5 / 10 11
6 * 12 13
7 + 14 15
8 - 16 17
9 + 18 19
10 * 20 21
11 / 22 23
12 + 24 25
13 / 26 27
14 / 28 29
15 + 30 31
16 + 32 33
17 * 34 35
18 * 36 37
19 / 38 39
20 + 40 41
21 + 42 43
22 - 44 45
23 - 46 47
24 / 48 49
25 + 50 51
26 + 52 53
27 / 54 55
28 * 56 57
29 / 58 59
30 - 60 61
31 - 62 63
32 * 64 65
33 * 66 67
34 * 68 69
35 / 70 71
36 / 72 73
37 - 74 75
38 * 76 77
39 - 78 79
40 / 80 81
41 - 82 83
42 - 84 85
43 - 86 87
44 - 88 89
45 + 90 91
46 + 92 93
47 + 94 95
48 * 96 97
49 - 98 99
50 + 100 101
51 - 102 103
52 / 104 105
53 - 106 107
54 - 108 109
55 / 110 111
56 - 112 113
57 + 114 115
58 - 116 117
59 / 118 119
60 + 120 121
61 / 122 123
62 - 124 125
63 / 126 127
64 + 128 129
65 / 130 131
66 + 132 133
67 - 134 135
68 + 138 139
69 + 140 141
70 / 142 143
71 + 144 145
72 / 136 137
73 * 146 147
74 * 148 149
75 + 150 151
76 * 152 153
77 / 154 155
78 + 156 157
79 / 158 159
80 * 160 161
81 - 162 163
82 - 164 165
83 + 166 167
84 * 168 169
85 - 170 171
86 - 172 173
87 / 174 175
88 / 176 177
89 / 178 179
90 - 180 181
91 * 182 183
92 + 184 185
93 - 186 187
94 / 188 189
95 + 190 191
96 + 192 193
97 / 194 195
98 / 196 197
99 * 198 199
100 / 200 201
101 - 202 203
102 * 204 205
103 - 206 207
104 - 210 211
105 / 212 213
106 - 214 215
107 / 216 217
108 / 218 219
109 + 220 221
110 - 222 223
111 - 224 225
112 + 226 227
113 + 228 229
114 / 230 231
115 - 232 233
116 - 236 237
117 * 238 239
118 / 242 243
119 - 244 245
120 / 246 247
121 / 250 251
122 / 254 255
123 - 258 259
124 / 260 261
125 - 262 263
126 / 264 265
127 + 266 267
128 - 270 271
129 / 272 273
130 - 274 275
131 / 276 277
132 + 280 281
133 - 282 283
134 + 284 285
135 - 286 287
136 + 208 209
137 / 288 289
138 + 290 291
139 / 292 293
140 - 294 295
141 / 296 297
142 * 298 299
143 - 240 241
144 - 300 301
145 / 302 303
146 / 304 305
147 + 306 307
148 + 308 309
149 + 310 311
150 * 312 313
151 * 314 315
152 / 316 317
153 + 322 323
154 / 324 325
155 + 326 327
156 + 330 331
157 * 332 333
158 - 334 335
159 + 336 337
160 * 338 339
161 + 234 235
162 / 340 341
163 * 344 345
164 - 278 279
165 - 346 347
166 + 348 349
167 + 252 253
168 * 350 351
169 + 328 329
170 - 354 355
171 + 256 257
172 - 358 359
173 + 360 361
174 - 362 363
175 + 364 365
176 * 366 367
177 - 370 371
178 + 372 373
179 / 374 375
180 + 376 377
181 / 378 379
182 * 382 383
183 - 384 385
184 - 386 387
185 / 388 389
186 - 390 391
187 + 392 393
188 / 394 395
189 / 396 397
190 / 398 399
191 / 400 401
192 + 402 403
193 - 408 409
194 * 410 411
195 - 412 413
196 + 414 415
197 + 416 417
198 / 418 419
199 - 422 423
200 / 424 425
201 - 426 427
202 / 428 429
203 - 430 431
204 - 432 433
205 - 434 435
206 + 436 437
207 + 440 441
208 + 446 447
209 / 448 449
210 - 452 453
211 * 454 455
212 + 456 457
213 - 460 461
214 - 404 405
215 * 248 249
216 / 466 467
217 - 470 471
218 / 476 477
219 / 478 479
220 * 480 481
221 - 482 483
222 - 484 485
223 * 486 487
224 / 268 269
225 * 488 489
226 / 492 493
227 - 494 495
228 + 496 497
229 / 498 499
230 + 438 439
231 - 500 501
232 * 502 503
233 - 504 505
234 / 342 343
235 / 506 507
236 - 510 511
237 + 512 513
238 + 514 515
239 / 516 517
240 - 518 519
241 * 320 321
242 - 520 521
243 / 522 523
244 - 524 525
245 / 526 527
246 - 534 535
247 / 536 537
248 / 540 541
249 - 508 509
250 / 552 553
251 - 318 319
252 - 556 557
253 + 558 559
254 + 542 543
255 + 560 561
256 / 554 555
257 / 566 567
258 - 570 571
259 + 572 573
260 / 574 575
261 - 450 451
262 + 576 577
263 + 578 579
264 - 582 583
265 - 584 585
266 / 586 587
267 + 590 591
268 + 592 593
269 / 596 597
270 - 600 601
271 / 602 603
272 - 604 605
273 * 608 609
274 + 614 615
275 * 616 617
276 / 406 407
277 + 618 619
278 * 626 627
279 + 628 629
280 * 630 631
281 - 632 633
282 / 636 637
283 / 638 639
284 / 640 641
285 + 646 647
286 + 644 645
287 / 648 649
288 * 650 651
289 - 652 653
290 / 658 659
291 / 660 661
292 + 662 663
293 - 668 669
294 - 464 465
295 / 670 671
296 / 672 673
297 - 674 675
298 + 676 677
299 / 678 679
300 * 680 681
301 - 682 683
302 - 444 445
303 - 688 689
304 / 690 691
305 - 692 693
306 - 538 539
307 - 696 697
308 + 698 699
309 / 704 705
310 - 708 709
311 / 356 357
312 - 712 713
313 + 714 715
314 - 474 475
315 / 562 563
316 / 716 717
317 - 530 531
318 - 720 721
319 * 722 723
320 + 724 725
321 - 728 729
322 - 730 731
323 - 732 733
324 + 734 735
325 / 740 741
326 / 742 743
327 / 352 353
328 / 744 745
329 - 746 747
330 / 748 749
331 + 684 685
332 * 754 755
333 + 442 443
334 - 564 565
335 - 546 547
336 / 758 759
337 - 764 765
338 5
339 3
340 291
341 - 380 381
342 3
343 3
344 + 528 529
345 2
346 116
347 76
348 - 598 599
349 1
350 12
351 - 532 533
352 + 468 469
353 6
354 103
355 50
356 1
357 - 368 369
358 155
359 75
360 / 420 421
361 55
362 103
363 94
364 7
365 2
366 528
367 2
368 63
369 62
370 66
371 * 612 613
372 41
373 - 620 621
374 42
375 7
376 78
377 + 458 459
378 * 580 581
379 5
380 48
381 - 550 551
382 5
383 3
384 38
385 36
386 53
387 45
388 48
389 1
390 81
391 21
392 36
393 5
394 5520
395 10
396 56
397 7
398 4
399 4
400 7
401 + 686 687
402 3
403 7
404 118
405 38
406 54
407 + 548 549
408 + 622 623
409 + 736 737
410 5
411 3
412 14
413 9
414 118
415 191
416 - 462 463
417 + 710 711
418 200
419 / 490 491
420 230
421 10
422 55
423 53
424 6
425 6
426 46
427 / 544 545
428 207
429 / 568 569
430 * 694 695
431 / 472 473
432 * 752 753
433 99
434 63
435 * 666 667
436 101
437 12
438 1
439 1
440 21
441 38
442 1
443 1
444 95
445 80
446 8
447 9
448 889
449 7
450 33
451 25
452 141
453 94
454 22
455 2
456 22
457 2
458 8
459 46
460 64
461 / 702 703
462 50
463 49
464 149
465 58
466 1680
467 7
468 14
469 10
470 92
471 84
472 260
473 10
474 97
475 81
476 3402
477 9
478 21
479 3
480 10
481 - 718 719
482 + 624 625
483 42
484 164
485 / 634 635
486 37
487 2
488 18
489 2
490 4
491 1
492 975
493 3
494 287
495 / 588 589
496 4
497 19
498 220
499 5
500 55
501 53
502 21
503 2
504 129
505 88
506 3
507 3
508 - 726 727
509 21
510 197
511 28
512 29
513 60
514 9
515 6
516 16
517 8
518 152
519 58
520 347
521 97
522 100
523 10
524 143
525 64
526 + 642 643
527 2
528 13
529 34
530 18
531 / 606 607
532 28
533 26
534 - 762 763
535 9
536 1
537 1
538 101
539 100
540 63
541 9
542 131
543 + 756 757
544 - 706 707
545 9
546 9
547 7
548 1
549 1
550 92
551 47
552 250
553 5
554 3
555 + 654 655
556 116
557 99
558 4
559 16
560 1
561 1
562 2
563 1
564 214
565 4
566 10
567 2
568 30
569 10
570 + 664 665
571 76
572 58
573 28
574 6360
575 5
576 / 656 657
577 39
578 23
579 28
580 235
581 2
582 1144
583 94
584 100
585 95
586 / 594 595
587 10
588 160
589 4
590 3
591 1
592 178
593 155
594 40
595 4
596 45
597 / 610 611
598 63
599 51
600 129
601 30
602 490
603 5
604 72
605 52
606 22
607 2
608 5
609 2
610 45
611 9
612 29
613 2
614 15
615 69
616 19
617 3
618 2
619 1
620 215
621 64
622 55
623 21
624 69
625 4
626 74
627 / 750 751
628 8
629 32
630 7
631 5
632 57
633 50
634 870
635 10
636 5400
637 10
638 180
639 6
640 122
641 2
642 138
643 10
644 45
645 125
646 1
647 13
648 679
649 7
650 27
651 2
652 78
653 72
654 2
655 1
656 432
657 4
658 40
659 10
660 6
661 6
662 1
663 3
664 78
665 85
666 29
667 2
668 101
669 99
670 810
671 9
672 35
673 7
674 14
675 9
676 15
677 15
678 2
679 1
680 28
681 2
682 96
683 42
684 3
685 1
686 1
687 6
688 45
689 40
690 80
691 2
692 97
693 87
694 47
695 2
696 49
697 48
698 8
699 - 700 701
700 32
701 13
702 224
703 4
704 78
705 6
706 485
707 80
708 59
709 58
710 1
711 1
712 119
713 96
714 1
715 1
716 238
717 2
718 12
719 10
720 - 738 739
721 70
722 40
723 2
724 29
725 15
726 33
727 5
728 69
729 67
730 32
731 31
732 20
733 19
734 9
735 21
736 / 760 761
737 - 766 767
738 166
739 11
740 12
741 4
742 6
743 6
744 1
745 1
746 63
747 62
748 40
749 4
750 14
751 7
752 55
753 2
754 4
755 2
756 2
757 1
758 40
759 8
760 188
761 4
762 74
763 1
764 14
765 11
766 124
767 98
889
1 + 2 3
2 - 4 5
3 - 6 7
4 / 8 9
5 * 10 11
6 * 12 13
7 - 14 15
8 * 16 17
9 * 18 19
10 + 20 21
11 / 22 23
12 / 24 25
13 - 26 27
14 * 28 29
15 / 30 31
16 + 32 33
17 / 34 35
18 + 36 37
19 - 38 39
20 / 40 41
21 / 42 43
22 - 44 45
23 * 46 47
24 - 48 49
25 - 50 51
26 * 52 53
27 - 54 55
28 / 56 57
29 + 58 59
30 - 60 61
31 + 62 63
32 + 64 65
33 - 66 67
34 / 68 69
35 - 70 71
36 / 72 73
37 + 74 75
38 / 76 77
39 - 78 79
40 * 80 81
41 * 82 83
42 - 84 85
43 - 86 87
44 * 88 89
45 - 90 91
46 / 92 93
47 / 94 95
48 - 96 97
49 * 98 99
50 * 100 101
51 - 102 103
52 - 104 105
53 - 106 107
54 / 108 109
55 - 110 111
56 + 112 113
57 * 114 115
58 / 116 117
59 / 118 119
60 - 120 121
61 - 122 123
62 / 124 125
63 + 126 127
64 + 128 129
65 / 130 131
66 / 132 133
67 / 134 135
68 + 136 137
69 - 138 139
70 - 140 141
71 - 142 143
72 + 144 145
73 / 146 147
74 - 148 149
75 - 150 151
76 - 152 153
77 - 154 155
78 + 156 157
79 * 158 159
80 + 160 161
81 / 162 163
82 + 164 165
83 / 166 167
84 - 168 169
85 / 170 171
86 + 172 173
87 - 174 175
88 - 176 177
89 + 178 179
90 * 180 181
91 + 182 183
92 / 184 185
93 + 186 187
94 / 188 189
95 * 190 191
96 - 192 193
97 / 194 195
98 + 196 197
99 - 198 199
100 / 202 203
101 - 206 207
102 - 208 209
103 + 210 211
104 - 212 213
105 + 214 215
106 * 216 217
107 / 218 219
108 + 220 221
109 * 222 223
110 * 226 227
111 / 228 229
112 - 230 231
113 - 232 233
114 - 234 235
115 - 236 237
116 / 240 241
117 - 204 205
118 - 242 243
119 / 244 245
120 / 246 247
121 + 248 249
122 - 250 251
123 / 252 253
124 - 254 255
125 - 256 257
126 - 260 261
127 - 262 263
128 * 264 265
129 - 268 269
130 * 272 273
131 / 274 275
132 / 276 277
133 - 280 281
134 + 284 285
135 - 286 287
136 + 288 289
137 * 290 291
138 + 294 295
139 - 296 297
140 * 298 299
141 / 300 301
142 - 302 303
143 * 306 307
144 / 308 309
145 - 310 311
146 - 312 313
147 / 314 315
148 + 316 317
149 - 318 319
150 - 320 321
151 * 270 271
152 + 322 323
153 - 324 325
154 + 328 329
155 / 330 331
156 + 332 333
157 / 334 335
158 - 336 337
159 + 338 339
160 / 340 341
161 - 342 343
162 - 344 345
163 - 346 347
164 / 348 349
165 / 350 351
166 + 352 353
167 / 354 355
168 + 356 357
169 * 360 361
170 - 200 201
171 - 362 363
172 / 278 279
173 * 364 365
174 + 366 367
175 - 224 225
176 * 368 369
177 - 258 259
178 - 370 371
179 - 372 373
180 * 374 375
181 + 376 377
182 * 378 379
183 + 380 381
184 * 382 383
185 - 386 387
186 / 388 389
187 / 390 391
188 + 394 395
189 + 282 283
190 / 398 399
191 / 400 401
192 + 292 293
193 * 404 405
194 + 406 407
195 / 408 409
196 / 410 411
197 / 412 413
198 / 414 415
199 / 418 419
200 * 420 421
201 - 422 423
202 / 426 427
203 - 428 429
204 / 430 431
205 - 432 433
206 / 434 435
207 * 438 439
208 + 442 443
209 / 424 425
210 - 238 239
211 * 446 447
212 + 448 449
213 - 450 451
214 + 452 453
215 / 456 457
216 + 304 305
217 + 458 459
218 + 460 461
219 + 462 463
220 + 464 465
221 + 468 469
222 - 470 471
223 - 472 473
224 * 474 475
225 / 478 479
226 / 480 481
227 / 482 483
228 / 484 485
229 / 486 487
230 - 488 489
231 + 490 491
232 / 492 493
233 / 494 495
234 * 496 497
235 - 500 501
236 + 502 503
237 - 504 505
238 / 506 507
239 / 508 509
240 * 510 511
241 - 512 513
242 - 266 267
243 + 514 515
244 * 526 527
245 * 528 529
246 / 530 531
247 - 532 533
248 * 326 327
249 - 454 455
250 / 476 477
251 / 536 537
252 + 538 539
253 / 542 543
254 / 544 545
255 / 548 549
256 - 550 551
257 * 552 553
258 + 554 555
259 + 402 403
260 / 556 557
261 / 560 561
262 * 562 563
263 / 564 565
264 / 566 567
265 + 568 569
266 + 572 573
267 / 416 417
268 * 574 575
269 * 576 577
270 - 584 585
271 + 586 587
272 / 588 589
273 - 384 385
274 / 590 591
275 * 592 593
276 / 596 597
277 - 600 601
278 - 602 603
279 / 606 607
280 - 608 609
281 - 520 521
282 / 610 611
283 * 612 613
284 - 614 615
285 * 616 617
286 / 618 619
287 * 598 599
288 - 620 621
289 / 624 625
290 * 518 519
291 + 626 627
292 - 628 629
293 * 634 635
294 * 638 639
295 + 440 441
296 * 646 647
297 + 648 649
298 + 392 393
299 + 650 651
300 / 668 669
301 + 672 673
302 + 676 677
303 - 680 681
304 * 684 685
305 + 686 687
306 + 688 689
307 - 690 691
308 / 694 695
309 - 696 697
310 - 700 701
311 * 702 703
312 + 710 711
313 * 712 713
314 - 714 715
315 + 716 717
316 - 724 725
317 / 726 727
318 + 728 729
319 / 730 731
320 + 736 737
321 - 738 739
322 * 740 741
323 - 742 743
324 / 744 745
325 + 746 747
326 / 396 397
327 - 732 733
328 - 748 749
329 / 752 753
330 + 358 359
331 - 754 755
332 - 436 437
333 / 758 759
334 * 762 763
335 + 766 767
336 - 770 771
337 * 772 773
338 / 776 777
339 / 778 779
340 / 780 781
341 + 788 789
342 - 792 793
343 + 640 641
344 + 800 801
345 + 804 805
346 / 808 809
347 / 810 811
348 / 818 819
349 + 820 821
350 + 826 827
351 * 832 833
352 - 834 835
353 + 840 841
354 / 570 571
355 + 844 845
356 + 846 847
357 / 848 849
358 - 850 851
359 / 654 655
360 / 852 853
361 + 664 665
362 * 858 859
363 + 860 861
364 + 768 769
365 / 864 865
366 - 866 867
367 / 874 875
368 / 876 877
369 + 582 583
370 + 880 881
371 / 884 885
372 - 886 887
373 * 888 889
374 5
375 5
376 4
377 1
378 19
379 2
380 1
381 4
382 15
383 2
384 33
385 * 516 517
386 68
387 67
388 42
389 / 670 671
390 27
391 9
392 8
393 11
394 42
395 + 882 883
396 4
397 1
398 15
399 5
400 3
401 1
402 1
403 19
404 48
405 2
406 2
407 34
408 28
409 7
410 154
411 - 594 595
412 21
413 3
414 288
415 3
416 8
417 * 466 467
418 752
419 8
420 7
421 7
422 130
423 83
424 216
425 3
426 266
427 1
428 63
429 56
430 138
431 2
432 + 444 445
433 + 698 699
434 108
435 9
436 - 660 661
437 96
438 5
439 - 692 693
440 + 652 653
441 1
442 106
443 102
444 / 862 863
445 39
446 15
447 / 644 645
448 95
449 6
450 + 580 581
451 13
452 3
453 1
454 - 750 751
455 - 522 523
456 8
457 8
458 1
459 1
460 140
461 130
462 / 720 721
463 1
464 58
465 339
466 2
467 + 540 541
468 59
469 216
470 100
471 96
472 23
473 / 708 709
474 67
475 2
476 1755
477 9
478 348
479 - 498 499
480 92
481 4
482 56
483 8
484 1264
485 4
486 4
487 1
488 119
489 44
490 - 558 559
491 13
492 850
493 + 524 525
494 370
495 5
496 + 830 831
497 3
498 / 658 659
499 25
500 80
501 13
502 14
503 12
504 74
505 50
506 198
507 3
508 138
509 3
510 30
511 2
512 - 632 633
513 21
514 7
515 23
516 - 546 547
517 2
518 4
519 2
520 121
521 80
522 * 604 605
523 49
524 - 534 535
525 7
526 50
527 2
528 5
529 + 756 757
530 127
531 / 578 579
532 77
533 + 790 791
534 32
535 29
536 465
537 5
538 / 674 675
539 141
540 1
541 1
542 16
543 - 642 643
544 104
545 8
546 - 656 657
547 69
548 22
549 / 630 631
550 81
551 70
552 3
553 + 622 623
554 26
555 77
556 720
557 8
558 65
559 * 816 817
560 890
561 10
562 51
563 + 870 871
564 / 704 705
565 2
566 170
567 2
568 1
569 2
570 81
571 3
572 - 814 815
573 - 786 787
574 - 796 797
575 3
576 7
577 3
578 5
579 5
580 - 678 679
581 - 734 735
582 * 878 879
583 1
584 62
585 25
586 1
587 1
588 56
589 8
590 54
591 9
592 3
593 2
594 54
595 47
596 - 856 857
597 10
598 36
599 2
600 95
601 * 636 637
602 + 662 663
603 96
604 25
605 5
606 20
607 2
608 130
609 80
610 5
611 5
612 2
613 2
614 51
615 34
616 95
617 5
618 546
619 7
620 / 764 765
621 45
622 1
623 2
624 63
625 7
626 1
627 1
628 610
629 92
630 16
631 8
632 111
633 88
634 90
635 2
636 31
637 3
638 30
639 2
640 66
641 13
642 17
643 / 782 783
644 21
645 7
646 40
647 2
648 17
649 - 842 843
650 3
651 2
652 2
653 1
654 - 838 839
655 4
656 115
657 32
658 217
659 7
660 196
661 85
662 49
663 / 666 667
664 3
665 2
666 603
667 9
668 * 722 723
669 1
670 12
671 2
672 2
673 8
674 165
675 5
676 16
677 122
678 - 718 719
679 20
680 + 682 683
681 21
682 + 822 823
683 14
684 7
685 3
686 6
687 19
688 7
689 27
690 60
691 58
692 - 706 707
693 29
694 120
695 10
696 * 828 829
697 26
698 2
699 - 774 775
700 125
701 24
702 + 760 761
703 - 812 813
704 600
705 3
706 33
707 2
708 42
709 + 794 795
710 70
711 31
712 46
713 2
714 92
715 83
716 - 872 873
717 2
718 89
719 68
720 14
721 7
722 400
723 2
724 83
725 50
726 153
727 3
728 42
729 60
730 - 784 785
731 7
732 45
733 43
734 110
735 4
736 81
737 80
738 119
739 33
740 151
741 2
742 / 802 803
743 5
744 95
745 1
746 19
747 * 806 807
748 71
749 66
750 150
751 34
752 18
753 9
754 95
755 91
756 1
757 1
758 290
759 10
760 45
761 5
762 595
763 2
764 195
765 3
766 2
767 8
768 2
769 1
770 172
771 46
772 44
773 2
774 67
775 / 824 825
776 6
777 6
778 10
779 10
780 5
781 - 798 799
782 45
783 - 854 855
784 158
785 25
786 99
787 68
788 2
789 3
790 / 868 869
791 62
792 205
793 70
794 1
795 1
796 51
797 2
798 41
799 40
800 75
801 10
802 2128
803 7
804 62
805 3
806 5
807 3
808 - 836 837
809 9
810 51
811 1
812 22
813 20
814 39
815 28
816 10
817 2
818 126
819 7
820 7
821 2
822 2
823 65
824 330
825 5
826 5
827 3
828 16
829 2
830 17
831 6
832 4
833 2
834 16
835 14
836 621
837 72
838 95
839 83
840 2
841 2
842 90
843 88
844 1
845 8
846 25
847 68
848 568
849 4
850 3
851 2
852 26
853 2
854 6
855 1
856 17190
857 90
858 18
859 2
860 16
861 19
862 84
863 3
864 20
865 10
866 137
867 70
868 70
869 5
870 1
871 1
872 71
873 70
874 90
875 9
876 19
877 1
878 3
879 2
880 28
881 25
882 54
883 39
884 156
885 3
886 16
887 6
888 3
889 3
997
1 / 2 3
2 / 4 5
3 - 6 7
4 - 8 9
5 - 10 11
6 / 12 13
7 / 14 15
8 + 16 17
9 - 18 19
10 / 20 21
11 * 22 23
12 * 24 25
13 * 28 29
14 + 30 31
15 * 32 33
16 / 34 35
17 - 36 37
18 + 38 39
19 - 40 41
20 - 42 43
21 / 44 45
22 / 26 27
23 + 46 47
24 + 48 49
25 + 50 51
26 + 52 53
27 / 54 55
28 / 56 57
29 - 58 59
30 + 60 61
31 + 62 63
32 * 64 65
33 + 66 67
34 + 68 69
35 - 70 71
36 - 74 75
37 / 76 77
38 * 78 79
39 * 80 81
40 - 82 83
41 * 84 85
42 - 86 87
43 + 88 89
44 - 72 73
45 - 90 91
46 + 92 93
47 / 96 97
48 - 98 99
49 / 100 101
50 / 102 103
51 - 104 105
52 - 106 107
53 * 108 109
54 * 110 111
55 + 112 113
56 * 114 115
57 / 116 117
58 / 118 119
59 - 120 121
60 / 122 123
61 * 124 125
62 - 126 127
63 - 128 129
64 / 130 131
65 - 132 133
66 - 134 135
67 - 136 137
68 + 138 139
69 - 140 141
70 + 142 143
71 / 144 145
72 * 146 147
73 - 148 149
74 + 150 151
75 - 94 95
76 - 152 153
77 / 154 155
78 + 156 157
79 / 158 159
80 - 160 161
81 / 162 163
82 * 164 165
83 * 166 167
84 + 168 169
85 - 170 171
86 - 172 173
87 - 174 175
88 - 176 177
89 / 178 179
90 / 180 181
91 / 182 183
92 / 188 189
93 - 192 193
94 + 194 195
95 * 196 197
96 + 198 199
97 - 200 201
98 + 202 203
99 + 204 205
100 * 206 207
101 + 212 213
102 - 214 215
103 / 216 217
104 + 218 219
105 + 220 221
106 * 208 209
107 * 222 223
108 + 224 225
109 - 226 227
110 - 228 229
111 + 230 231
112 / 234 235
113 - 236 237
114 * 238 239
115 - 240 241
116 / 242 243
117 / 244 245
118 - 246 247
119 - 248 249
120 + 250 251
121 + 252 253
122 - 254 255
123 + 258 259
124 + 260 261
125 / 266 267
126 / 268 269
127 * 270 271
128 / 272 273
129 + 276 277
130 - 278 279
131 - 280 281
132 / 284 285
133 + 286 287
134 / 288 289
135 / 292 293
136 + 296 297
137 - 298 299
138 * 300 301
139 - 302 303
140 / 304 305
141 * 306 307
142 / 308 309
143 - 210 211
144 / 310 311
145 / 316 317
146 * 184 185
147 / 318 319
148 + 320 321
149 / 294 295
150 - 322 323
151 - 324 325
152 + 326 327
153 / 328 329
154 * 282 283
155 - 264 265
156 / 332 333
157 - 232 233
158 / 334 335
159 * 336 337
160 + 338 339
161 / 340 341
162 + 342 343
163 * 344 345
164 / 346 347
165 - 350 351
166 + 352 353
167 - 356 357
168 + 358 359
169 * 330 331
170 * 290 291
171 + 360 361
172 * 364 365
173 + 366 367
174 * 368 369
175 / 186 187
176 + 370 371
177 * 372 373
178 + 374 375
179 / 376 377
180 + 190 191
181 - 380 381
182 - 382 383
183 + 256 257
184 - 384 385
185 + 388 389
186 - 262 263
187 + 392 393
188 + 394 395
189 / 396 397
190 / 402 403
191 - 408 409
192 / 412 413
193 + 414 415
194 + 416 417
195 - 418 419
196 * 420 421
197 / 422 423
198 + 424 425
199 / 426 427
200 * 428 429
201 - 430 431
202 + 432 433
203 - 434 435
204 + 410 411
205 / 438 439
206 * 440 441
207 + 442 443
208 - 444 445
209 + 446 447
210 * 448 449
211 / 450 451
212 - 452 453
213 - 454 455
214 + 456 457
215 - 458 459
216 / 460 461
217 + 462 463
218 + 312 313
219 * 348 349
220 + 464 465
221 - 468 469
222 - 436 437
223 / 472 473
224 * 476 477
225 + 478 479
226 - 480 481
227 / 482 483
228 + 484 485
229 + 404 405
230 / 486 487
231 / 488 489
232 * 492 493
233 / 494 495
234 + 498 499
235 / 500 501
236 * 466 467
237 / 502 503
238 / 504 505
239 / 508 509
240 * 510 511
241 + 512 513
242 - 514 515
243 - 518 519
244 - 520 521
245 + 522 523
246 / 524 525
247 + 526 527
248 + 528 529
249 / 354 355
250 - 530 531
251 + 390 391
252 + 532 533
253 - 534 535
254 / 540 541
255 / 542 543
256 / 544 545
257 - 548 549
258 / 550 551
259 / 558 559
260 / 560 561
261 - 562 563
262 + 564 565
263 / 566 567
264 - 568 569
265 / 570 571
266 + 572 573
267 - 574 575
268 / 576 577
269 - 274 275
270 - 580 581
271 - 582 583
272 * 584 585
273 - 586 587
274 - 590 591
275 - 496 497
276 - 596 597
277 / 600 601
278 * 602 603
279 + 608 609
280 * 598 599
281 + 314 315
282 - 610 611
283 + 612 613
284 - 616 617
285 + 618 619
286 * 620 621
287 / 622 623
288 / 624 625
289 + 628 629
290 + 630 631
291 - 634 635
292 - 636 637
293 + 638 639
294 + 362 363
295 * 640 641
296 / 642 643
297 * 644 645
298 + 648 649
299 / 650 651
300 - 654 655
301 / 656 657
302 / 658 659
303 - 662 663
304 + 664 665
305 * 666 667
306 - 668 669
307 - 670 671
308 - 672 673
309 / 674 675
310 + 678 679
311 * 680 681
312 - 592 593
313 - 682 683
314 / 684 685
315 / 686 687
316 - 696 697
317 / 698 699
318 / 702 703
319 / 706 707
320 - 708 709
321 / 386 387
322 * 714 715
323 + 724 725
324 / 730 731
325 * 732 733
326 + 734 735
327 * 736 737
328 / 738 739
329 + 554 555
330 + 744 745
331 - 474 475
332 + 746 747
333 * 748 749
334 - 750 751
335 - 752 753
336 + 710 711
337 + 760 761
338 + 762 763
339 / 764 765
340 / 766 767
341 - 378 379
342 / 398 399
343 - 770 771
344 / 776 777
345 - 780 781
346 / 786 787
347 * 788 789
348 + 790 791
349 - 792 793
350 / 794 795
351 * 406 407
352 + 798 799
353 + 800 801
354 - 804 805
355 / 716 717
356 + 806 807
357 + 614 615
358 + 754 755
359 / 808 809
360 / 810 811
361 / 692 693
362 * 812 813
363 + 816 817
364 - 820 821
365 + 824 825
366 / 830 831
367 - 832 833
368 / 840 841
369 + 842 843
370 / 844 845
371 * 846 847
372 / 848 849
373 + 470 471
374 * 850 851
375 * 652 653
376 - 722 723
377 + 814 815
378 / 858 859
379 + 862 863
380 / 676 677
381 / 864 865
382 / 868 869
383 * 552 553
384 * 726 727
385 - 546 547
386 - 870 871
387 + 712 713
388 / 874 875
389 - 876 877
390 + 884 885
391 + 888 889
392 + 890 891
393 / 894 895
394 + 896 897
395 / 900 901
396 + 604 605
397 - 802 803
398 * 400 401
399 / 826 827
400 + 902 903
401 / 742 743
402 + 914 915
403 + 490 491
404 / 660 661
405 / 720 721
406 + 916 917
407 - 918 919
408 - 932 933
409 * 922 923
410 - 934 935
411 / 728 729
412 - 936 937
413 + 946 947
414 + 940 941
415 * 948 949
416 / 950 951
417 / 954 955
418 + 956 957
419 / 958 959
420 + 962 963
421 - 828 829
422 / 968 969
423 * 970 971
424 - 972 973
425 / 974 975
426 - 978 979
427 * 704 705
428 + 992 993
429 2
430 62
431 56
432 19
433 19
434 55
435 53
436 53
437 42
438 44
439 4
440 / 928 929
441 2
442 1
443 1
444 105
445 + 986 987
446 1
447 1
448 45
449 3
450 860
451 10
452 - 506 507
453 85
454 50
455 47
456 31
457 45
458 * 920 921
459 56
460 224
461 7
462 6
463 2
464 3
465 38
466 - 556 557
467 - 578 579
468 100
469 - 838 839
470 / 908 909
471 / 938 939
472 14
473 2
474 22
475 20
476 3
477 3
478 * 878 879
479 / 536 537
480 - 886 887
481 92
482 344
483 - 516 517
484 / 872 873
485 3
486 - 688 689
487 3
488 7
489 + 756 757
490 6
491 2
492 22
493 2
494 120
495 4
496 99
497 93
498 1
499 1
500 14
501 7
502 198
503 6
504 10
505 + 818 819
506 129
507 43
508 14
509 7
510 42
511 2
512 / 594 595
513 18
514 462
515 62
516 / 538 539
517 86
518 - 944 945
519 69
520 33
521 17
522 2
523 2
524 272
525 4
526 - 866 867
527 23
528 5
529 6
530 - 626 627
531 54
532 4
533 3
534 41
535 25
536 4
537 4
538 * 834 835
539 - 860 861
540 1700
541 10
542 18
543 1
544 3
545 - 632 633
546 45
547 19
548 19
549 15
550 - 772 773
551 + 984 985
552 27
553 2
554 1
555 4
556 67
557 50
558 9
559 9
560 - 882 883
561 8
562 107
563 90
564 357
565 182
566 56
567 8
568 143
569 60
570 640
571 8
572 37
573 19
574 58
575 - 588 589
576 13720
577 7
578 98
579 96
580 131
581 / 906 907
582 / 924 925
583 45
584 216
585 2
586 15
587 - 606 607
588 90
589 40
590 23
591 7
592 56
593 51
594 256
595 - 782 783
596 78
597 63
598 31
599 3
600 + 778 779
601 - 854 855
602 15
603 2
604 1
605 3
606 67
607 60
608 1
609 19
610 62
611 - 694 695
612 1
613 1
614 - 646 647
615 39
616 250
617 12
618 4
619 3
620 11
621 - 700 701
622 70
623 - 836 837
624 / 976 977
625 1
626 - 880 881
627 / 982 983
628 / 774 775
629 1
630 13
631 16
632 97
633 94
634 8
635 6
636 499
637 / 690 691
638 + 718 719
639 / 768 769
640 4
641 2
642 360
643 / 994 995
644 9
645 2
646 38
647 / 740 741
648 76
649 27
650 184
651 / 980 981
652 30
653 2
654 46
655 44
656 4
657 2
658 231
659 3
660 56
661 7
662 106
663 30
664 - 796 797
665 85
666 2
667 2
668 + 784 785
669 59
670 28
671 25
672 358
673 99
674 7
675 1
676 400
677 4
678 1612
679 5108
680 4
681 2
682 * 758 759
683 30
684 71
685 1
686 170
687 10
688 27
689 24
690 93
691 3
692 160
693 10
694 + 892 893
695 * 930 931
696 71
697 61
698 1
699 - 996 997
700 85
701 83
702 20
703 2
704 4
705 2
706 30
707 6
708 50
709 44
710 1
711 2
712 1
713 1
714 70
715 2
716 4
717 2
718 4
719 2
720 4
721 2
722 114
723 74
724 7
725 32
726 20
727 2
728 12
729 6
730 243
731 3
732 27
733 2
734 146
735 115
736 64
737 2
738 580
739 * 926 927
740 40
741 5
742 12
743 6
744 3
745 1
746 5
747 5
748 5
749 2
750 102
751 - 904 905
752 48
753 45
754 1
755 2
756 - 964 965
757 6
758 18
759 2
760 1
761 1
762 5
763 10
764 5
765 1
766 30
767 2
768 3
769 1
770 10
771 9
772 85
773 83
774 3
775 3
776 30
777 6
778 5
779 15
780 96
781 94
782 / 856 857
783 * 852 853
784 41
785 29
786 1068
787 3
788 2
789 2
790 31
791 9
792 64
793 62
794 711
795 9
796 174
797 75
798 16
799 4
800 4
801 1
802 45
803 44
804 51
805 35
806 14
807 58
808 14
809 7
810 296
811 8
812 9
813 2
814 2
815 3
816 67
817 11
818 1
819 1
820 / 988 989
821 / 822 823
822 29
823 1
824 3
825 2
826 48
827 8
828 39
829 32
830 72
831 * 898 899
832 44
833 / 912 913
834 235
835 2
836 55
837 48
838 64
839 13
840 13
841 1
842 8
843 3
844 115
845 5
846 20
847 2
848 21
849 3
850 34
851 2
852 7
853 7
854 42
855 32
856 + 910 911
857 10
858 54
859 9
860 21
861 16
862 1
863 4
864 475
865 5
866 64
867 58
868 494
869 1
870 137
871 15
872 84
873 7
874 8
875 8
876 4
877 3
878 11
879 2
880 175
881 12
882 287
883 31
884 8
885 5
886 226
887 89
888 1
889 3
890 1
891 4
892 59
893 70
894 6
895 3
896 2
897 1
898 3
899 2
900 8
901 8
902 29
903 28
904 131
905 65
906 356
907 * 952 953
908 10
909 5
910 4
911 526
912 240
913 8
914 1567
915 1129
916 2
917 9
918 53
919 46
920 64
921 2
922 3
923 2
924 282
925 6
926 2
927 2
928 938
929 7
930 41
931 2
932 * 966 967
933 99
934 74
935 71
936 + 942 943
937 79
938 3
939 1
940 6
941 4
942 29
943 170
944 101
945 22
946 - 990 991
947 7
948 2
949 2
950 180
951 6
952 / 960 961
953 2
954 476
955 7
956 14
957 35
958 150
959 5
960 8
961 4
962 1
963 6
964 72
965 71
966 71
967 3
968 40
969 2
970 5
971 2
972 48
973 44
974 1
975 1
976 848
977 8
978 82
979 74
980 28
981 7
982 460
983 5
984 1
985 1
986 6
987 15
988 608
989 8
990 56
991 55
992 2
993 4
994 27
995 3
996 33
997 32