171
1 - 2 3
2 - 4 5
3 + 6 7
4 / 8 9
5 - 10 11
6 + 12 13
7 - 14 15
8 - 16 17
9 * 18 19
10 7 20 21
11 * 22 23
12 - 24 25
13 * 26 27
14 / 28 29
15 + 30 31
16 - 32 33
17 / 34 35
18 * 36 37
19 * 38 39
20 3 40 41
21 + 42 43
22 - 44 45
23 / 46 47
24 * 48 49
25 * 50 51
26 / 52 53
27 - 54 55
28 - 56 57
29 + 58 59
30 / 60 61
31 / 62 63
32 * 64 65
33 / 66 67
34 / 68 69
35 - 70 71
36 / 72 73
37 + 74 75
38 - 76 77
39 * 78 79
40 + 80 81
41 2 82 83
42 * 84 85
43 / 86 87
44 - 88 89
45 - 90 91
46 - 92 93
47 * 94 95
48 / 96 97
49 * 98 99
50 + 100 101
51 * 102 103
52 + 104 105
53 * 106 107
54 / 108 109
55 * 110 111
56 - 112 113
57 / 114 115
58 * 116 117
59 - 118 119
60 * 120 121
61 * 122 123
62 * 124 125
63 * 126 127
64 + 128 129
65 - 130 131
66 * 132 133
67 - 134 135
68 / 136 137
69 + 138 139
70 / 140 141
71 / 142 143
72 - 144 145
73 * 146 147
74 * 148 149
75 - 150 151
76 - 152 153
77 * 154 155
78 + 156 157
79 * 158 159
80 / 160 161
81 - 162 163
82 9 164 165
83 3 166 167
84 / 168 169
85 * 170 171
86 4
87 2
88 8
89 3
90 6
91 3
92 6
93 8
94 1
95 9
96 4
97 4
98 3
99 3
100 7
101 7
102 2
103 2
104 7
105 9
106 7
107 1
108 8
109 3
110 9
111 3
112 6
113 3
114 1
115 7
116 2
117 1
118 7
119 9
120 2
121 7
122 9
123 3
124 7
125 1
126 9
127 3
128 6
129 9
130 1
131 9
132 7
133 8
134 1
135 6
136 8
137 9
138 1
139 7
140 2
141 3
142 4
143 4
144 2
145 2
146 8
147 8
148 3
149 1
150 6
151 6
152 7
153 4
154 3
155 1
156 6
157 9
158 4
159 3
160 4
161 1
162 4
163 -
164 -
165 *
166 -
167 *
168 -
169 7
170 4
171 2
168
1 / 2 3
2 4 4 5
3 / 6 7
4 - 8 9
5 + 10 11
6 / 12 13
7 - 14 15
8 - 16 17
9 9 18 19
10 2 20 21
11 + 22 23
12 * 24 25
13 + 26 27
14 / 28 29
15 + 30 31
16 + 32 33
17 + 34 35
18 8 36 37
19 3 38 39
20 3 40 41
21 - 42 43
22 * 44 45
23 * 46 47
24 - 48 49
25 - 50 51
26 + 52 53
27 * 54 55
28 * 56 57
29 - 58 59
30 / 60 61
31 / 62 63
32 * 64 65
33 * 66 67
34 - 68 69
35 - 70 71
36 * 72 73
37 4 74 75
38 7 76 77
39 6 78 79
40 2 80 81
41 1 82 83
42 / 84 85
43 + 86 87
44 * 88 89
45 * 90 91
46 + 92 93
47 - 94 95
48 - 96 97
49 / 98 99
50 + 100 101
51 * 102 103
52 / 104 105
53 + 106 107
54 * 108 109
55 + 110 111
56 / 112 113
57 / 114 115
58 - 116 117
59 * 118 119
60 + 120 121
61 - 122 123
62 + 124 125
63 / 126 127
64 + 128 129
65 - 130 131
66 / 132 133
67 - 134 135
68 * 136 137
69 - 138 139
70 - 140 141
71 - 142 143
72 - 144 145
73 1 146 147
74 2 148 149
75 3 150 151
76 2 152 153
77 8 154 155
78 2 156 157
79 1 158 159
80 5 160 161
81 3 162 163
82 7 164 165
83 4 166 167
84 6 168
85 4
86 8
87 9
88 9
89 8
90 2
91 8
92 5
93 7
94 5
95 9
96 8
97 3
98 1
99 1
100 8
101 6
102 9
103 6
104 9
105 6
106 5
107 5
108 2
109 6
110 3
111 2
112 7
113 2
114 1
115 5
116 6
117 1
118 5
119 4
120 5
121 8
122 5
123 3
124 9
125 2
126 5
127 4
128 9
129 1
130 3
131 4
132 3
133 9
134 9
135 5
136 1
137 8
138 9
139 8
140 5
141 4
142 6
143 1
144 6
145 9
146 /
147 +
148 -
149 -
150 -
151 -
152 /
153 -
154 *
155 /
156 +
157 -
158 -
159 *
160 +
161 -
162 -
163 /
164 -
165 *
166 *
167 *
168 /
186
1 + 2 3
2 6 4 5
3 + 6 7
4 7 8 9
5 9 10 11
6 5 12 13
7 - 14 15
8 - 16 17
9 7 18 19
10 1 20 21
11 8 22 23
12 4 24 25
13 / 26 27
14 - 28 29
15 / 30 31
16 - 32 33
17 7 34 35
18 4 36 37
19 8 38 39
20 9 40 41
21 2 42 43
22 2 44 45
23 - 46 47
24 + 48 49
25 9 50 51
26 + 52 53
27 + 54 55
28 - 56 57
29 + 58 59
30 / 60 61
31 + 62 63
32 * 64 65
33 / 66 67
34 + 68 69
35 2 70 71
36 4 72 73
37 3 74 75
38 6 76 77
39 3 78 79
40 5 80 81
41 2 82 83
42 8 84 85
43 8 86 87
44 7 88 89
45 1 90 91
46 2 92 93
47 / 94 95
48 / 96 97
49 2 98 99
50 6 100 101
51 1 102 103
52 / 104 105
53 * 106 107
54 * 108 109
55 - 110 111
56 - 112 113
57 - 114 115
58 3 116 117
59 / 118 119
60 / 120 121
61 / 122 123
62 / 124 125
63 + 126 127
64 / 128 129
65 - 130 131
66 + 132 133
67 + 134 135
68 * 136 137
69 7 138 139
70 2 140 141
71 1 142 143
72 7 144 145
73 8 146 147
74 7 148 149
75 4 150 151
76 4 152 153
77 7 154 155
78 5 156 157
79 8 158 159
80 7 160 161
81 5 162 163
82 4 164 165
83 6 166 167
84 3 168 169
85 7 170 171
86 3 172 173
87 6 174 175
88 3 176 177
89 4 178 179
90 3 180 181
91 1 182 183
92 9 184 185
93 3 186
94 6
95 2
96 8
97 2
98 +
99 *
100 /
101 -
102 /
103 -
104 +
105 1
106 5
107 8
108 8
109 2
110 4
111 9
112 9
113 4
114 6
115 6
116 *
117 -
118 1
119 9
120 1
121 6
122 6
123 2
124 1
125 9
126 2
127 6
128 4
129 3
130 8
131 4
132 2
133 3
134 5
135 8
136 6
137 2
138 +
139 /
140 +
141 /
142 +
143 *
144 /
145 +
146 +
147 -
148 -
149 /
150 /
151 +
152 +
153 +
154 /
155 /
156 *
157 *
158 /
159 -
160 *
161 *
162 -
163 -
164 -
165 *
166 +
167 /
168 *
169 +
170 /
171 +
172 +
173 -
174 /
175 +
176 *
177 *
178 *
179 +
180 /
181 +
182 -
183 +
184 +
185 /
186 +
109
1 + 2 3
2 + 4 5
3 - 6 7
4 + 8 9
5 - 10 11
6 * 12 13
7 / 14 15
8 / 16 17
9 + 18 19
10 + 20 21
11 - 22 23
12 * 24 25
13 * 26 27
14 - 28 29
15 + 30 31
16 * 32 33
17 + 34 35
18 / 36 37
19 + 38 39
20 - 40 41
21 / 42 43
22 - 44 45
23 + 46 47
24 - 48 49
25 * 50 51
26 - 52 53
27 - 54 55
28 / 56 57
29 / 58 59
30 * 60 61
31 - 62 63
32 * 64 65
33 / 66 67
34 * 68 69
35 / 70 71
36 * 72 73
37 + 74 75
38 - 76 77
39 * 78 79
40 + 80 81
41 - 82 83
42 * 84 85
43 - 86 87
44 * 88 89
45 + 90 91
46 * 92 93
47 - 94 95
48 * 96 97
49 + 98 99
50 + 100 101
51 / 102 103
52 / 104 105
53 + 106 107
54 * 108 109
55 3
56 8
57 5
58 8
59 4
60 7
61 4
62 9
63 2
64 9
65 8
66 1
67 2
68 3
69 3
70 7
71 7
72 8
73 9
74 2
75 5
76 3
77 3
78 3
79 6
80 4
81 8
82 7
83 4
84 1
85 6
86 6
87 6
88 5
89 8
90 8
91 6
92 9
93 5
94 1
95 6
96 8
97 7
98 9
99 6
100 9
101 5
102 1
103 3
104 2
105 1
106 7
107 9
108 6
109 6
151
1 4 2 3
2 1 4 5
3 1 6 7
4 1 8 9
5 3 10 11
6 2 12 13
7 / 14 15
8 + 16 17
9 7 18 19
10 2 20 21
11 2 22 23
12 6 24 25
13 1 26 27
14 7 28 29
15 - 30 31
16 + 32 33
17 - 34 35
18 7 36 37
19 1 38 39
20 8 40 41
21 2 42 43
22 1 44 45
23 6 46 47
24 2 48 49
25 8 50 51
26 8 52 53
27 8 54 55
28 1 56 57
29 - 58 59
30 - 60 61
31 + 62 63
32 / 64 65
33 * 66 67
34 / 68 69
35 7 70 71
36 7 72 73
37 7 74 75
38 2 76 77
39 5 78 79
40 9 80 81
41 9 82 83
42 6 84 85
43 3 86 87
44 1 88 89
45 9 90 91
46 8 92 93
47 2 94 95
48 3 96 97
49 1 98 99
50 2 100 101
51 3 102 103
52 6 104 105
53 1 106 107
54 1 108 109
55 9 110 111
56 7 112 113
57 6 114 115
58 * 116 117
59 + 118 119
60 - 120 121
61 * 122 123
62 - 124 125
63 + 126 127
64 / 128 129
65 - 130 131
66 - 132 133
67 + 134 135
68 * 136 137
69 + 138 139
70 * 140 141
71 3 142 143
72 8 144 145
73 7 146 147
74 8 148 149
75 4 150 151
76 /
77 +
78 /
79 +
80 *
81 +
82 +
83 -
84 /
85 *
86 *
87 +
88 *
89 *
90 *
91 -
92 *
93 -
94 *
95 *
96 *
97 +
98 /
99 /
100 *
101 /
102 -
103 -
104 +
105 /
106 -
107 *
108 +
109 /
110 -
111 +
112 -
113 *
114 -
115 /
116 -
117 3
118 2
119 1
120 4
121 2
122 6
123 9
124 5
125 9
126 5
127 2
128 2
129 8
130 8
131 6
132 2
133 7
134 9
135 7
136 2
137 5
138 3
139 4
140 2
141 -
142 +
143 +
144 -
145 +
146 *
147 +
148 -
149 +
150 *
151 -
149
1 - 2 3
2 + 4 5
3 + 6 7
4 * 8 9
5 * 10 11
6 - 12 13
7 * 14 15
8 + 16 17
9 / 18 19
10 + 20 21
11 / 22 23
12 - 24 25
13 / 26 27
14 - 28 29
15 + 30 31
16 / 32 33
17 * 34 35
18 + 36 37
19 * 38 39
20 - 40 41
21 / 42 43
22 + 44 45
23 / 46 47
24 / 48 49
25 + 50 51
26 / 52 53
27 / 54 55
28 + 56 57
29 * 58 59
30 * 60 61
31 / 62 63
32 / 64 65
33 - 66 67
34 * 68 69
35 * 70 71
36 * 72 73
37 + 74 75
38 + 76 77
39 * 78 79
40 + 80 81
41 / 82 83
42 * 84 85
43 * 86 87
44 / 88 89
45 + 90 91
46 - 92 93
47 + 94 95
48 - 96 97
49 + 98 99
50 - 100 101
51 - 102 103
52 + 104 105
53 / 106 107
54 * 108 109
55 / 110 111
56 * 112 113
57 * 114 115
58 - 116 117
59 / 118 119
60 - 120 121
61 * 122 123
62 * 124 125
63 * 126 127
64 / 128 129
65 - 130 131
66 * 132 133
67 - 134 135
68 / 136 137
69 / 138 139
70 + 140 141
71 * 142 143
72 - 144 145
73 * 146 147
74 + 148 149
75 1
76 1
77 2
78 9
79 5
80 1
81 3
82 1
83 6
84 9
85 1
86 5
87 7
88 5
89 4
90 9
91 5
92 8
93 5
94 2
95 2
96 8
97 2
98 1
99 7
100 3
101 9
102 5
103 7
104 3
105 1
106 4
107 5
108 1
109 9
110 7
111 3
112 5
113 2
114 9
115 1
116 9
117 1
118 4
119 7
120 9
121 5
122 9
123 9
124 1
125 9
126 2
127 5
128 4
129 8
130 4
131 8
132 5
133 4
134 1
135 4
136 4
137 8
138 5
139 4
140 9
141 7
142 6
143 6
144 2
145 5
146 1
147 9
148 5
149 1
139
1 * 2 3
2 * 4 5
3 / 6 7
4 / 8 9
5 * 10 11
6 / 12 13
7 - 14 15
8 + 16 17
9 - 18 19
10 + 20 21
11 / 22 23
12 * 24 25
13 - 26 27
14 / 28 29
15 - 30 31
16 - 32 33
17 - 34 35
18 - 36 37
19 - 38 39
20 - 40 41
21 * 42 43
22 - 44 45
23 + 46 47
24 - 48 49
25 - 50 51
26 / 52 53
27 * 54 55
28 / 56 57
29 * 58 59
30 / 60 61
31 + 62 63
32 + 64 65
33 + 66 67
34 * 68 69
35 + 70 71
36 + 72 73
37 / 74 75
38 / 76 77
39 * 78 79
40 * 80 81
41 + 82 83
42 * 84 85
43 / 86 87
44 + 88 89
45 * 90 91
46 + 92 93
47 + 94 95
48 - 96 97
49 + 98 99
50 - 100 101
51 * 102 103
52 - 104 105
53 + 106 107
54 / 108 109
55 - 110 111
56 * 112 113
57 + 114 115
58 * 116 117
59 - 118 119
60 * 120 121
61 / 122 123
62 * 124 125
63 * 126 127
64 + 128 129
65 + 130 131
66 - 132 133
67 * 134 135
68 - 136 137
69 + 138 139
70 9
71 4
72 2
73 4
74 5
75 5
76 8
77 7
78 2
79 6
80 9
81 9
82 7
83 1
84 5
85 9
86 4
87 3
88 5
89 7
90 1
91 1
92 8
93 8
94 1
95 5
96 6
97 1
98 7
99 5
100 1
101 3
102 4
103 8
104 7
105 5
106 8
107 9
108 5
109 8
110 3
111 4
112 7
113 8
114 2
115 2
116 3
117 6
118 9
119 6
120 3
121 1
122 4
123 9
124 1
125 6
126 8
127 6
128 3
129 6
130 2
131 9
132 6
133 4
134 4
135 7
136 3
137 1
138 6
139 1
189
1 + 2 3
2 * 4 5
3 + 6 7
4 / 8 9
5 + 10 11
6 8 12 13
7 + 14 15
8 / 16 17
9 / 18 19
10 9 20 21
11 / 22 23
12 5 24 25
13 / 26 27
14 / 28 29
15 * 30 31
16 / 32 33
17 / 34 35
18 / 36 37
19 * 38 39
20 5 40 41
21 * 42 43
22 - 44 45
23 - 46 47
24 1 48 49
25 2 50 51
26 / 52 53
27 - 54 55
28 - 56 57
29 + 58 59
30 * 60 61
31 / 62 63
32 * 64 65
33 + 66 67
34 * 68 69
35 * 70 71
36 + 72 73
37 - 74 75
38 - 76 77
39 + 78 79
40 - 80 81
41 9 82 83
42 6 84 85
43 * 86 87
44 / 88 89
45 / 90 91
46 / 92 93
47 + 94 95
48 + 96 97
49 3 98 99
50 1 100 101
51 8 102 103
52 - 104 105
53 + 106 107
54 * 108 109
55 + 110 111
56 5 112 113
57 / 114 115
58 - 116 117
59 - 118 119
60 / 120 121
61 * 122 123
62 / 124 125
63 / 126 127
64 - 128 129
65 + 130 131
66 * 132 133
67 - 134 135
68 * 136 137
69 + 138 139
70 * 140 141
71 * 142 143
72 - 144 145
73 * 146 147
74 + 148 149
75 * 150 151
76 / 152 153
77 + 154 155
78 + 156 157
79 * 158 159
80 / 160 161
81 * 162 163
82 3 164 165
83 4 166 167
84 1 168 169
85 - 170 171
86 / 172 173
87 / 174 175
88 - 176 177
89 * 178 179
90 - 180 181
91 - 182 183
92 - 184 185
93 + 186 187
94 - 188 189
95 7
96 4
97 -
98 +
99 +
100 /
101 -
102 -
103 /
104 +
105 6
106 5
107 5
108 1
109 8
110 1
111 6
112 -
113 *
114 9
115 7
116 1
117 3
118 8
119 2
120 8
121 7
122 4
123 6
124 3
125 7
126 2
127 6
128 5
129 1
130 4
131 8
132 2
133 3
134 9
135 1
136 2
137 4
138 5
139 9
140 3
141 8
142 1
143 6
144 2
145 8
146 5
147 2
148 5
149 3
150 8
151 6
152 3
153 3
154 9
155 7
156 4
157 4
158 3
159 6
160 8
161 2
162 4
163 +
164 -
165 /
166 +
167 -
168 /
169 /
170 *
171 2
172 2
173 9
174 8
175 5
176 8
177 9
178 5
179 6
180 7
181 3
182 5
183 4
184 7
185 1
186 5
187 8
188 7
189 5
187
1 9 2 3
2 7 4 5
3 5 6 7
4 7 8 9
5 * 10 11
6 6 12 13
7 / 14 15
8 / 16 17
9 2 18 19
10 9 20 21
11 + 22 23
12 3 24 25
13 7 26 27
14 * 28 29
15 / 30 31
16 * 32 33
17 4 34 35
18 9 36 37
19 8 38 39
20 9 40 41
21 6 42 43
22 / 44 45
23 / 46 47
24 1 48 49
25 3 50 51
26 7 52 53
27 5 54 55
28 * 56 57
29 * 58 59
30 - 60 61
31 - 62 63
32 - 64 65
33 + 66 67
34 / 68 69
35 7 70 71
36 1 72 73
37 3 74 75
38 9 76 77
39 7 78 79
40 7 80 81
41 8 82 83
42 2 84 85
43 - 86 87
44 * 88 89
45 - 90 91
46 + 92 93
47 + 94 95
48 1 96 97
49 9 98 99
50 2 100 101
51 6 102 103
52 6 104 105
53 1 106 107
54 6 108 109
55 5 110 111
56 * 112 113
57 + 114 115
58 / 116 117
59 - 118 119
60 / 120 121
61 * 122 123
62 * 124 125
63 / 126 127
64 + 128 129
65 - 130 131
66 / 132 133
67 - 134 135
68 / 136 137
69 6 138 139
70 4 140 141
71 3 142 143
72 1 144 145
73 3 146 147
74 3 148 149
75 8 150 151
76 6 152 153
77 9 154 155
78 8 156 157
79 1 158 159
80 1 160 161
81 1 162 163
82 7 164 165
83 9 166 167
84 3 168 169
85 4 170 171
86 1 172 173
87 + 174 175
88 * 176 177
89 + 178 179
90 + 180 181
91 - 182 183
92 - 184 185
93 / 186 187
94 4
95 /
96 *
97 -
98 /
99 /
100 -
101 /
102 *
103 /
104 *
105 +
106 *
107 /
108 -
109 *
110 *
111 -
112 +
113 2
114 3
115 7
116 3
117 5
118 8
119 9
120 8
121 4
122 2
123 4
124 7
125 6
126 6
127 2
128 8
129 6
130 4
131 5
132 9
133 5
134 7
135 6
136 2
137 1
138 +
139 -
140 /
141 *
142 *
143 +
144 /
145 *
146 -
147 /
148 /
149 -
150 *
151 /
152 -
153 +
154 -
155 /
156 -
157 -
158 -
159 /
160 -
161 *
162 *
163 *
164 /
165 /
166 +
167 -
168 *
169 -
170 *
171 /
172 -
173 +
174 1
175 7
176 4
177 7
178 2
179 1
180 9
181 4
182 8
183 8
184 7
185 5
186 4
187 8
166
1 - 2 3
2 - 4 5
3 / 6 7
4 7 8 9
5 3 10 11
6 * 12 13
7 * 14 15
8 8 16 17
9 * 18 19
10 6 20 21
11 6 22 23
12 * 24 25
13 - 26 27
14 / 28 29
15 / 30 31
16 - 32 33
17 3 34 35
18 9 36 37
19 + 38 39
20 + 40 41
21 3 42 43
22 1 44 45
23 1 46 47
24 / 48 49
25 * 50 51
26 - 52 53
27 * 54 55
28 * 56 57
29 - 58 59
30 - 60 61
31 - 62 63
32 / 64 65
33 * 66 67
34 4 68 69
35 5 70 71
36 5 72 73
37 - 74 75
38 + 76 77
39 - 78 79
40 * 80 81
41 / 82 83
42 1 84 85
43 7 86 87
44 3 88 89
45 3 90 91
46 7 92 93
47 / 94 95
48 - 96 97
49 - 98 99
50 * 100 101
51 - 102 103
52 / 104 105
53 * 106 107
54 - 108 109
55 - 110 111
56 / 112 113
57 - 114 115
58 + 116 117
59 - 118 119
60 * 120 121
61 + 122 123
62 - 124 125
63 + 126 127
64 / 128 129
65 + 130 131
66 - 132 133
67 1 134 135
68 6 136 137
69 1 138 139
70 2 140 141
71 8 142 143
72 3 144 145
73 2 146 147
74 * 148 149
75 / 150 151
76 * 152 153
77 * 154 155
78 / 156 157
79 / 158 159
80 + 160 161
81 / 162 163
82 + 164 165
83 / 166
84 /
85 *
86 *
87 *
88 -
89 /
90 -
91 -
92 +
93 +
94 +
95 2
96 4
97 7
98 1
99 2
100 8
101 7
102 2
103 6
104 1
105 8
106 6
107 3
108 6
109 2
110 1
111 5
112 5
113 4
114 9
115 5
116 1
117 8
118 3
119 2
120 1
121 3
122 1
123 3
124 8
125 7
126 7
127 4
128 2
129 8
130 5
131 8
132 8
133 1
134 -
135 -
136 *
137 /
138 *
139 /
140 /
141 *
142 *
143 +
144 *
145 *
146 -
147 -
148 -
149 7
150 6
151 4
152 9
153 8
154 5
155 9
156 3
157 3
158 6
159 5
160 3
161 6
162 5
163 5
164 9
165 5
166 1
