3
4 4
2 3 4 5
4 8 7 6
9 10 15 16
1 2 6 5
5 5
273 415 58 798 251 
675 193 494 506 365 
479 390 224 334 387 
107 402 569 422 183 
88 709 994 206 916 
10 10
178 778 659 231 274 123 788 16 483 404 
36 14 602 74 287 689 730 703 611 339 
445 468 126 821 946 212 218 143 999 923 
288 792 249 142 996 999 570 757 141 921 
98 87 800 892 401 244 661 179 403 985 
474 315 694 816 838 525 288 94 609 6 
789 433 474 883 927 841 242 233 286 749 
7 667 875 986 107 957 887 520 430 649 
721 206 65 776 328 807 845 908 382 836 
707 811 790 652 805 190 407 257 668 307