10
2
0 0 1 0 0 1 0 0
1 0 0 1 1 1 0 1
0 0 1 0 1 1 0 0
0 0 1 0 1 1 0 1
1 1
3 -1
2
1 0 0 1 0 0 0 0
0 1 1 1 1 1 1 1
0 1 0 1 0 0 1 0
0 1 0 0 1 1 0 1
3 1
1 1
5
0 0 1 1 1 1 1 1
1 1 1 1 1 0 1 0
0 0 0 0 1 0 0 1
0 1 0 1 0 1 0 1
4 -1
3 1
4 -1
3 -1
1 -1
2
1 0 1 0 0 1 0 1
0 0 1 0 1 1 1 1
0 0 1 1 0 0 0 1
0 1 0 1 1 0 0 0
2 -1
1 1
7
0 0 1 1 0 1 1 1
0 1 0 1 1 0 0 0
1 1 1 0 0 0 0 1
1 1 1 0 0 1 0 0
4 1
2 1
2 -1
3 1
2 1
4 1
2 -1
10
1 0 0 0 0 0 0 1
1 0 1 0 1 1 0 1
1 0 0 1 0 0 0 1
1 1 0 1 0 1 1 1
2 1
1 1
2 -1
3 1
3 -1
2 -1
2 -1
1 1
4 1
4 1
10
0 1 0 0 1 1 0 0
0 1 1 0 1 0 1 1
0 0 0 0 0 1 1 0
0 0 1 0 1 0 1 1
3 1
1 -1
2 1
4 -1
3 1
3 -1
4 -1
2 -1
1 -1
3 -1
10
0 1 0 1 0 1 0 0
0 1 1 1 1 1 0 1
1 0 0 0 0 1 1 0
1 0 0 0 0 0 0 1
1 1
4 -1
4 -1
2 -1
2 -1
2 -1
3 -1
2 1
3 1
3 -1
20
1 0 0 0 1 1 0 0
1 0 0 1 1 1 0 0
0 1 1 1 0 1 1 1
1 1 1 1 0 1 1 1
1 1
4 -1
4 -1
2 -1
3 -1
1 1
4 1
4 -1
4 -1
4 -1
3 -1
3 -1
4 -1
4 -1
2 -1
1 1
3 -1
3 -1
2 1
1 1
20
0 0 1 1 1 0 1 0
0 1 0 0 1 0 1 0
1 1 1 0 1 0 1 0
0 0 1 0 0 1 1 1
1 -1
4 -1
3 -1
1 1
4 1
2 1
1 -1
4 1
2 -1
4 -1
1 1
4 -1
1 1
2 -1
1 -1
3 -1
1 1
2 1
3 1
3 -1